CNA-SMN-CG-GMC-SMAA-CLIMATOLOGIA
BASE DE DATOS CLIMATOLOGICA
DATOS DISPONIBLES EN LA BASE DE DATOS A MARZO 2020;CON LA INFORMACION SUMINISTRADA POR LAS OFICINAS REGIONALES
 
ESTACION  : 14388
NOMBRE    : ZAPOTLANEJO (DGE)
ESTADO    : JALISCO
MUNICIPIO : ZAPOTLANEJO
SITUACIÓN : OPERANDO
ORGANISMO : CONAGUA-DGE
CVE-OMM   : Nulo
LATITUD   : 020.622°
LONGITUD  : -103.068°
ALTITUD   : 1,515 msnm
 
EMISION   : 06/04/2020 
 
           PRECIP  EVAP   TMAX   TMIN
  FECHA     (MM)   (MM)   (°C)   (°C)
01/01/2008    0.0    5.1    27.0    7.0
02/01/2008    0.0    4.7    20.0    7.0
03/01/2008    0.0    2.4    23.0    0.5
04/01/2008    0.0    3.5    25.0    1.0
05/01/2008    0.0    2.9    27.5    3.0
06/01/2008    0.0    3.6    29.0    5.0
07/01/2008    0.0    4.1    28.5    6.0
08/01/2008    0.0    4.1    28.0    4.5
09/01/2008    0.0    4.4    28.0    4.5
10/01/2008    0.0    3.8    27.0    5.0
11/01/2008    0.0    3.6    26.0    4.5
12/01/2008    0.0    3.5    25.5    5.0
13/01/2008    0.0    3.3    27.0    4.0
14/01/2008    0.0    4.4    27.0    4.5
15/01/2008    0.0    3.6    25.5    8.0
16/01/2008    0.0    3.0    23.5    4.0
17/01/2008    0.0    2.7    25.0    4.0
18/01/2008    0.0    2.6    22.5    5.0
19/01/2008    0.0    2.9    26.5    6.0
20/01/2008    0.0    2.8    23.0    7.0
21/01/2008    0.0    3.1    28.0    6.5
22/01/2008    0.0    3.8    29.0    6.5
23/01/2008    0.0    4.0    31.0    7.0
24/01/2008    0.0    4.2    30.5    8.5
25/01/2008    0.0    4.0    30.5    9.0
26/01/2008    0.0    3.8    30.0    9.0
27/01/2008    0.0    4.8    30.5    10.0
28/01/2008    0.0    4.4    30.0    8.5
29/01/2008    0.0    3.5    27.5    7.5
30/01/2008    0.0    4.7    29.5    7.5
31/01/2008    0.0    4.2    29.0    6.5
01/02/2008    0.0    4.6    27.5    6.5
02/02/2008    0.0    3.8    29.0    7.0
03/02/2008    0.0    4.6    28.0    7.0
04/02/2008    0.0    4.3    28.5    6.5
05/02/2008    0.0    4.8    29.0    6.0
06/02/2008    0.0    4.8    29.0    5.5
07/02/2008    0.0    4.4    27.0    5.5
08/02/2008    0.0    4.7    28.0    7.0
09/02/2008    0.0    4.1    30.0    6.5
10/02/2008    0.0    3.8    28.5    7.0
11/02/2008    0.0    4.9    27.5    8.0
12/02/2008    0.0    5.7    27.5    7.5
13/02/2008    0.0    5.2    28.0    6.5
14/02/2008    0.0    5.6    28.0    6.5
15/02/2008    0.0    7.0    30.5    5.0
16/02/2008    0.0    6.0    31.5    5.5
17/02/2008    0.0    6.7    30.5    6.0
18/02/2008    0.0    5.8    31.0    6.0
19/02/2008    0.0    6.1    31.0    7.5
20/02/2008    0.0    5.5    30.0    6.0
21/02/2008    0.0    5.3    29.5    6.0
22/02/2008    0.0    5.7    31.0    6.5
23/02/2008    0.0    6.2    32.0    6.5
24/02/2008    0.0    6.4    35.0    6.5
25/02/2008    0.0    7.0    33.0    9.0
26/02/2008    0.0    7.5    33.5    8.0
27/02/2008    0.0    5.9    30.0    8.0
28/02/2008    0.0    5.5    30.5    8.5
29/02/2008    0.0    5.9    30.0    8.0
01/03/2008    0.0    5.4    31.0    8.0
02/03/2008    0.0    7.1    31.0    9.0
03/03/2008    0.0    6.9    30.0    6.0
04/03/2008    0.0    5.9    30.0    7.0
05/03/2008    0.0    6.1    29.0    6.5
06/03/2008    0.0    2.6    27.5    5.5
07/03/2008    0.0    7.1    27.0    7.5
08/03/2008    0.0    7.0    28.0    3.0
09/03/2008    0.0    6.8    28.0    4.0
10/03/2008    0.0    6.4    29.5    5.5
11/03/2008    0.0    6.4    30.0    6.0
12/03/2008    0.0    7.3    31.5    8.0
13/03/2008    0.0    8.1    30.5    8.0
14/03/2008    0.0    7.9    30.0    5.5
15/03/2008    0.0    8.0    29.0    6.0
16/03/2008    0.0    8.3    30.5    8.0
17/03/2008    0.0    7.8    31.0    9.0
18/03/2008    0.0    7.8    31.5    9.5
19/03/2008    0.0    8.4    31.0    10.0
20/03/2008    0.0    8.2    31.5    8.0
21/03/2008    0.0    8.8    30.0    9.5
22/03/2008    0.0    8.1    30.5    9.0
23/03/2008    0.0    8.1    31.5    10.0
24/03/2008    0.0    7.9    31.0    10.5
25/03/2008    0.0    7.7    29.0    11.0
26/03/2008    0.0    8.0    31.0    9.5
27/03/2008    0.0    8.9    32.0    11.0
28/03/2008    0.0    8.1    31.5    9.5
29/03/2008    0.0    8.0    32.0    11.0
30/03/2008    0.0    8.2    31.5    11.0
31/03/2008    0.0    7.1    30.0    10.5
01/04/2008    0.0    8.2    32.5    10.5
02/04/2008    0.0    8.6    33.0    9.5
03/04/2008    0.0    7.9    33.5    10.0
04/04/2008    0.0    7.2    26.0    10.0
05/04/2008    0.0    8.1    33.5    9.0
06/04/2008    0.0    8.1    33.0    11.0
07/04/2008    0.0    8.9    34.0    10.0
08/04/2008    0.0    8.9    36.0    9.0
09/04/2008    0.0    7.3    33.0    9.0
10/04/2008    0.0    10.6    35.0    9.0
11/04/2008    0.0    8.5    34.0    9.0
12/04/2008    0.0    7.7    34.5    9.0
13/04/2008    0.0    8.7    33.5    9.5
14/04/2008    2.5    6.7    36.0    10.0
15/04/2008    0.0    6.7    32.0    12.0
16/04/2008    0.0    7.5    33.0    12.0
17/04/2008    0.0    10.1    34.0    11.0
18/04/2008    0.0    9.0    35.0    9.0
19/04/2008    0.0    9.3    34.5    9.0
20/04/2008    0.0    9.1    36.0    10.0
21/04/2008    0.0    9.2    38.0    11.0
22/04/2008    0.0    10.4    38.0    12.0
23/04/2008    0.0    10.1    38.0    13.0
24/04/2008    0.0    9.2    36.0    14.0
25/04/2008    0.0    7.2    36.0    12.0
26/04/2008    0.0    8.9    36.5    12.0
27/04/2008    0.0    12.7    36.0    11.0
28/04/2008    0.0    9.2    36.0    11.0
29/04/2008    0.0    9.6    35.0    11.0
30/04/2008    0.0    9.4    33.0    11.0
01/05/2008    0.0    9.8    34.0    10.0
02/05/2008    0.0    11.1    34.0    10.0
03/05/2008    0.0    8.9    36.0    11.0
04/05/2008    0.0    10.1    36.0    12.0
05/05/2008    0.0    8.0    35.0    13.0
06/05/2008    0.0    8.2    35.0    14.0
07/05/2008    0.0    8.0    33.0    15.0
08/05/2008    0.0    10.9    37.0    12.0
09/05/2008    0.0    10.3    36.0    13.0
10/05/2008    0.0    10.4    38.0    13.0
11/05/2008    0.0    10.1    39.0    13.0
12/05/2008    0.0    7.1    37.0    14.0
13/05/2008    0.0    6.1    36.0    15.0
14/05/2008    0.0    6.7    35.0    14.0
15/05/2008    0.0    7.9    34.0    12.0
16/05/2008    0.0    8.2    34.0    15.0
17/05/2008    0.0    7.5    34.0    14.0
18/05/2008    0.0    8.5    34.0    13.0
19/05/2008    0.0    8.7    34.0    14.0
20/05/2008    0.0    8.4    33.0    12.0
21/05/2008    0.0    6.3    32.0    13.0
22/05/2008    0.0    6.2    32.0    12.0
23/05/2008    0.0    6.8    33.0    11.0
24/05/2008    0.0    6.8    36.0    11.0
25/05/2008    0.0    6.9    37.0    11.0
26/05/2008    0.0    7.1    36.0    12.0
27/05/2008    0.0    8.2    38.0    12.0
28/05/2008    0.0    8.9    35.0    17.0
29/05/2008    0.0    9.4    34.0    16.0
30/05/2008    0.0    8.7    35.0    15.0
31/05/2008    0.0    8.1    36.0    16.0
01/06/2008    0.0    8.7    37.0    17.0
02/06/2008    0.0    8.7    36.0    17.0
03/06/2008    0.0    8.4    36.0    15.0
04/06/2008    0.0    8.2    37.0    16.0
05/06/2008    0.0    9.4    37.0    16.0
06/06/2008    9.3    9.8    36.0    16.0
07/06/2008    8.7    12.1    39.0    15.0
08/06/2008    7.0    9.6    34.0    16.0
09/06/2008    8.0    4.0    27.0    16.0
10/06/2008    38.0    2.8    21.0    16.0
11/06/2008    55.5    3.9    22.0    16.0
12/06/2008    3.5    4.4    25.0    15.0
13/06/2008    2.8    5.3    29.0    15.0
14/06/2008    30.0    9.3    31.0    16.0
15/06/2008    0.0    5.4    30.0    16.0
16/06/2008    3.3    6.7    30.5    15.0
17/06/2008    22.6    12.6    31.5    16.0
18/06/2008    0.0    5.9    31.0    13.5
19/06/2008    0.0    5.8    32.0    16.0
20/06/2008    0.0    7.4    33.0    17.0
21/06/2008    8.3    7.4    31.0    16.0
22/06/2008    4.2    5.7    30.0    14.0
23/06/2008    0.9    5.8    30.0    16.0
24/06/2008    14.9    5.8    28.0    16.0
25/06/2008    0.0    4.5    29.5    15.0
26/06/2008    35.8    12.9    30.0    16.5
27/06/2008    29.2    8.6    29.5    14.0
28/06/2008    0.9    5.9    30.5    15.0
29/06/2008    12.2    5.3    28.5    15.0
30/06/2008    22.8    1.0    28.0    15.0
01/07/2008    2.5    3.3    26.0    15.5
02/07/2008    0.0    4.4    28.0    15.5
03/07/2008    0.0    4.8    28.5    16.0
04/07/2008    31.0    8.9    29.5    17.0
05/07/2008    8.9    6.2    27.5    16.0
06/07/2008    14.6    3.5    28.0    16.0
07/07/2008    46.0    8.9    26.5    16.0
08/07/2008    9.8    2.8    24.0    16.5
09/07/2008    43.2    3.9    22.0    16.5
10/07/2008    16.1    4.7    26.0    15.5
11/07/2008    7.5    3.6    22.5    15.5
12/07/2008    0.0    4.2    26.5    15.0
13/07/2008    0.0    3.0    27.5    15.5
14/07/2008    4.1    4.2    28.5    15.5
15/07/2008    0.0    4.2    28.5    15.5
16/07/2008    0.0    4.5    29.5    15.5
17/07/2008    4.4    4.6    30.0    15.5
18/07/2008    0.0    3.6    27.5    15.5
19/07/2008    0.0    3.9    28.0    15.0
20/07/2008    11.1    6.0    29.0    14.0
21/07/2008    0.0    4.7    29.0    14.0
22/07/2008    0.0    4.9    29.5    13.0
23/07/2008    0.0    4.2    30.0    13.0
24/07/2008    14.1    7.4    31.0    14.5
25/07/2008    3.5    3.6    28.0    16.0
26/07/2008    25.6    6.0    29.0    16.0
27/07/2008    0.0    4.7    28.5    14.0
28/07/2008    0.0    5.7    30.0    12.5
29/07/2008    32.6    8.6    30.0    13.0
30/07/2008    0.0    4.4    29.0    13.5
31/07/2008    14.5    9.6    30.5    13.5
01/08/2008    0.0    5.1    29.5    14.5
02/08/2008    6.9    4.4    22.0    15.0
03/08/2008    26.2    9.7    27.0    13.5
04/08/2008    5.6    3.8    27.5    14.0
05/08/2008    5.9    6.4    30.0    15.5
06/08/2008    6.7    5.5    29.5    16.5
07/08/2008    0.0    2.5    27.5    15.0
08/08/2008    0.3    4.6    28.5    15.0
09/08/2008    0.0    5.9    30.5    14.0
10/08/2008    0.0    4.0    31.0    14.0
11/08/2008    9.9    6.3    30.5    15.0
12/08/2008    0.0    5.4    30.0    15.0
13/08/2008    0.0    5.3    31.0    16.0
14/08/2008    0.0    5.7    30.5    17.0
15/08/2008    0.1    4.4    30.5    16.5
16/08/2008    0.0    5.3    31.0    16.0
17/08/2008    0.0    2.5    26.0    17.5
18/08/2008    12.4    5.8    29.5    16.0
19/08/2008    4.7    2.6    26.0    17.0
20/08/2008    12.0    2.9    27.5    17.0
21/08/2008    2.1    4.1    29.0    16.0
22/08/2008    1.2    4.0    29.0    16.0
23/08/2008    0.0    5.2    28.0    14.5
24/08/2008    6.2    5.1    29.5    15.5
25/08/2008    7.1    2.9    28.5    15.0
26/08/2008    11.1    3.7    25.5    16.0
27/08/2008    1.2    1.5    24.5    17.0
28/08/2008    0.0    3.0    28.5    17.0
29/08/2008    7.7    4.6    28.5    17.0
30/08/2008    9.2    4.4    27.5    16.0
31/08/2008    0.0    5.1    26.0    15.5
01/09/2008    0.0    4.9    27.0    14.5
02/09/2008    0.0    5.1    27.5    15.0
03/09/2008    11.3    5.5    30.5    15.5
04/09/2008    0.0    5.9    29.0    15.0
05/09/2008    0.0    5.0    28.5    13.0
06/09/2008    0.0    5.1    28.0    14.0
07/09/2008    9.7    4.6    29.0    14.5
08/09/2008    34.0    4.9    28.0    13.0
09/09/2008    17.3    4.6    29.0    14.5
10/09/2008    0.0    3.6    29.0    17.0
11/09/2008    7.3    4.3    26.0    17.0
12/09/2008    0.0    4.6    29.0    16.0
13/09/2008    43.5    4.7    30.0    17.0
14/09/2008    9.0    4.1    25.0    15.0
15/09/2008    0.3    1.6    23.0    15.5
16/09/2008    0.0    3.4    26.5    14.5
17/09/2008    0.0    4.4    27.5    15.0
18/09/2008    18.8    3.9    27.5    13.5
19/09/2008    38.6    4.2    27.5    15.0
20/09/2008    4.9    2.0    27.5    15.0
21/09/2008    3.4    3.4    26.5    13.0
22/09/2008    15.2    3.3    27.0    13.0
23/09/2008    0.0    4.7    27.5    14.0
24/09/2008    4.2    1.8    26.0    15.5
25/09/2008    0.0    2.5    25.5    14.5
26/09/2008    0.0    3.2    26.0    12.0
27/09/2008    0.0    5.1    27.0    12.0
28/09/2008    0.0    4.4    27.0    10.0
29/09/2008    0.0    4.1    27.0    10.0
30/09/2008    0.0    4.9    26.5    11.5
01/10/2008    0.0    5.3    26.5    8.0
02/10/2008    0.0    4.3    27.0    7.0
03/10/2008    0.0    4.4    27.0    6.5
04/10/2008    0.0    4.9    27.5    8.0
05/10/2008    0.0    4.0    29.5    8.5
06/10/2008    6.2    3.2    29.0    9.5
07/10/2008    0.0    3.1    29.5    14.0
08/10/2008    0.0    1.8    25.5    13.5
09/10/2008    0.0    3.6    30.0    13.5
10/10/2008    0.1    2.3    29.0    14.0
11/10/2008    0.8    2.5    27.0    16.0
12/10/2008    0.0    1.7    29.0    16.5
13/10/2008    2.6    4.2    29.5    15.5
14/10/2008    0.0    4.2    28.0    13.0
15/10/2008    0.0    4.3    28.0    13.5
16/10/2008    0.0    4.0    28.0    11.5
17/10/2008    4.7    4.3    28.0    12.0
18/10/2008    0.0    4.0    26.5    12.5
19/10/2008    0.0    4.2    28.0    10.0
20/10/2008    0.0    3.5    28.5    10.0
21/10/2008    0.0    4.1    29.0    10.5
22/10/2008    6.7    2.9    29.0    11.5
23/10/2008    0.0    3.7    29.5    11.0
24/10/2008    0.0    1.0    24.5    11.5
25/10/2008    0.0    3.1    28.0    13.0
26/10/2008    0.0    4.5    29.5    11.0
27/10/2008    0.0    4.8    26.0    11.5
28/10/2008    0.0    4.3    23.5    11.0
29/10/2008    0.0    3.9    24.0    12.0
30/10/2008    0.0    2.8    27.0    8.0
31/10/2008    0.0    3.8    25.5    9.0
01/11/2008    0.0    4.2    27.5    8.5
02/11/2008    0.0    3.8    26.0    8.0
03/11/2008    0.0    3.4    27.5    7.0
04/11/2008    0.0    2.8    29.0    7.5
05/11/2008    0.0    3.5    28.0    8.5
06/11/2008    0.0    3.0    28.5    10.0
07/11/2008    0.0    2.9    28.5    9.0
08/11/2008    0.0    2.9    29.0    9.5
09/11/2008    0.0    2.8    28.0    9.0
10/11/2008    0.0    3.4    27.5    7.5
11/11/2008    0.0    3.0    28.0    8.0
12/11/2008    0.0    3.4    28.5    7.0
13/11/2008    0.0    3.9    27.0    6.0
14/11/2008    0.0    3.1    28.0    6.0
15/11/2008    0.0    4.3    28.5    6.0
16/11/2008    0.0    3.3    25.0    6.0
17/11/2008    0.0    4.1    25.0    5.0
18/11/2008    0.0    4.0    26.0    4.5
19/11/2008    0.0    3.7    24.0    2.5
20/11/2008    0.0    2.9    26.0    4.0
21/11/2008    0.0    3.4    25.5    5.0
22/11/2008    0.0    3.7    25.0    6.0
23/11/2008    0.0    2.8    27.0    6.0
24/11/2008    0.0    3.5    28.0    7.5
25/11/2008    0.0    2.9    26.5    6.0
26/11/2008    0.0    7.7    28.0    7.0
27/11/2008    0.0    3.3    29.0    8.0
28/11/2008    0.0    3.9    29.0    7.0
29/11/2008    0.0    3.4    26.5    6.5
30/11/2008    0.0    3.8    27.5    4.5
01/12/2008    0.0    3.2    27.0    5.5
02/12/2008    0.0    3.7    26.0    7.0
03/12/2008    0.0    2.9    26.0    5.0
04/12/2008    0.0    2.9    25.5    6.0
05/12/2008    0.0    3.1    27.0    5.0
06/12/2008    0.0    2.8    28.0    5.0
07/12/2008    0.0    2.5    28.0    7.0
08/12/2008    0.0    2.0    28.0    8.0
09/12/2008    0.0    3.6    27.0    7.0
10/12/2008    0.0    3.4    26.5    6.5
11/12/2008    0.0    3.0    26.0    4.5
12/12/2008    0.0    3.3    27.5    3.0
13/12/2008    0.0    2.7    27.0    5.0
14/12/2008    0.0    3.3    27.5    5.0
15/12/2008    0.0    3.1    29.0    4.0
16/12/2008    0.0    3.2    26.0    5.5
17/12/2008    0.0    1.6    29.0    6.0
18/12/2008    0.0    3.1    28.0    7.0
19/12/2008    0.0    3.6    28.0    6.0
20/12/2008    0.0    2.8    31.0    6.0
21/12/2008    0.0    3.2    30.0    6.0
22/12/2008    0.0    3.2    28.0    5.0
23/12/2008    0.0    1.8    27.0    6.0
24/12/2008    0.0    2.3    28.0    6.0
25/12/2008    0.0    2.8    28.0    6.0
26/12/2008    0.0    3.6    28.0    6.0
27/12/2008    0.0    2.3    28.0    6.5
28/12/2008    0.0    4.0    28.0    6.0
29/12/2008    0.0    2.5    28.5    5.5
30/12/2008    0.0    3.1    27.5    6.5
31/12/2008    0.0    3.1    28.0    4.5
01/01/2009    0.0    3.7    28.0    6.0
02/01/2009    0.0    2.6    27.0    6.5
03/01/2009    0.0    2.4    29.0    5.5
04/01/2009    0.0    3.0    28.5    6.0
05/01/2009    0.0    1.8    29.0    5.0
06/01/2009    0.0    4.1    29.0    5.0
07/01/2009    0.0    3.7    29.0    5.0
08/01/2009    0.0    3.1    29.0    5.0
09/01/2009    0.0    3.0    28.5    5.0
10/01/2009    0.0    2.5    29.0    5.5
11/01/2009    0.0    3.6    29.0    6.0
12/01/2009    0.0    2.9    28.5    6.0
13/01/2009    0.0    2.0    28.0    5.5
14/01/2009    0.0    3.1    29.0    5.0
15/01/2009    15.7    3.6    25.0    7.0
16/01/2009    0.0    3.1    26.0    8.5
17/01/2009    0.0    2.2    26.0    7.0
18/01/2009    0.0    3.3    29.0    6.5
19/01/2009    0.0    2.2    29.0    8.0
20/01/2009    0.0    2.7    27.0    9.0
21/01/2009    0.0    3.7    28.0    7.0
22/01/2009    0.0    1.9    29.0    8.0
23/01/2009    0.0    3.1    28.5    9.0
24/01/2009    0.0    5.3    30.0    7.5
25/01/2009    0.0    3.0    31.0    9.0
26/01/2009    0.0    2.9    30.0    9.0
27/01/2009    0.0    3.9    30.0    9.0
28/01/2009    0.0    3.6    31.0    7.0
29/01/2009    0.0    3.2    31.0    7.0
30/01/2009    0.0    4.4    30.5    7.0
31/01/2009    0.0    4.7    30.0    7.5
01/02/2009    0.0    4.5    28.0    7.0
02/02/2009    0.0    4.3    29.0    6.0
03/02/2009    0.0    4.3    27.0    6.5
04/02/2009    0.0    4.9    27.0    7.0
05/02/2009    0.0    4.0    27.5    5.0
06/02/2009    0.0    3.9    28.5    6.0
07/02/2009    0.0    4.3    29.0    4.5
08/02/2009    0.0    3.8    28.5    3.0
09/02/2009    0.0    3.1    27.5    4.0
10/02/2009    0.0    3.9    29.0    4.5
11/02/2009    0.0    4.0    31.0    5.0
12/02/2009    0.0    4.1    30.0    7.0
13/02/2009    0.0    4.9    31.0    7.0
14/02/2009    0.0    3.7    31.0    7.0
15/02/2009    0.0    6.2    32.0    7.0
16/02/2009    0.0    5.0    32.5    9.0
17/02/2009    0.0    5.5    32.0    11.0
18/02/2009    0.0    4.8    33.0    9.0
19/02/2009    0.0    5.8    34.0    9.0
20/02/2009    0.0    6.1    34.0    9.5
21/02/2009    0.0    6.8    30.5    9.0
22/02/2009    0.0    5.6    30.0    9.0
23/02/2009    0.0    6.7    28.0    7.0
24/02/2009    0.0    6.2    32.0    6.0
25/02/2009    0.0    6.5    34.0    8.0
26/02/2009    0.0    6.6    35.0    9.0
27/02/2009    0.0    7.4    35.0    9.0
28/02/2009    0.0    7.0    36.0    10.0
01/03/2009    0.0    7.6    30.0    10.0
02/03/2009    0.0    5.9    32.0    8.0
03/03/2009    0.0    7.5    34.0    9.5
04/03/2009    0.0    6.0    35.0    10.0
05/03/2009    0.0    6.1    34.0    11.0
06/03/2009    0.0    6.3    33.5    11.0
07/03/2009    0.0    5.8    33.0    9.5
08/03/2009    0.0    5.2    33.5    8.0
09/03/2009    0.0    6.0    33.0    10.0
10/03/2009    0.0    6.2    33.5    9.5
11/03/2009    0.0    5.8    32.0    9.0
12/03/2009    0.0    6.0    33.0    9.0
13/03/2009    0.0    5.8    34.0    10.0
14/03/2009    0.0    6.1    33.5    9.5
15/03/2009    0.0    7.3    32.5    9.0
16/03/2009    0.0    8.1    32.0    9.0
17/03/2009    0.0    5.5    33.5    12.0
18/03/2009    0.0    2.1    35.0    11.0
19/03/2009    0.0    7.8    34.0    10.0
20/03/2009    0.0    6.1    35.0    10.0
21/03/2009    0.0    7.8    34.5    10.0
22/03/2009    0.0    7.3    35.0    10.0
23/03/2009    0.0    6.6    35.0    11.0
24/03/2009    0.0    6.6    35.0    9.0
25/03/2009    0.0    6.4    35.0    8.5
26/03/2009    0.0    7.3    33.5    9.0
27/03/2009    0.0    7.8    31.0    9.0
28/03/2009    0.0    6.9    32.0    6.0
29/03/2009    0.0    6.4    33.0    7.0
30/03/2009    0.0    8.7    33.0    7.0
31/03/2009    0.0    6.8    35.0    8.5
01/04/2009    0.0    9.4    34.0    10.0
02/04/2009    0.0    7.2    33.0    9.0
03/04/2009    0.0    6.2    34.0    9.0
04/04/2009    0.0    6.1    35.0    10.5
05/04/2009    0.0    6.1    36.5    9.0
06/04/2009    0.0    6.2    37.0    13.0
07/04/2009    0.0    8.3    36.0    12.0
08/04/2009    0.0    9.5    34.0    11.0
09/04/2009    0.0    9.1    35.0    9.0
10/04/2009    0.0    8.3    35.0    10.0
11/04/2009    0.0    8.1    35.0    9.0
12/04/2009    0.0    8.9    36.0    9.0
13/04/2009    0.0    8.5    35.0    10.0
14/04/2009    0.0    8.9    35.0    9.0
15/04/2009    0.0    8.0    34.5    10.0
16/04/2009    0.0    7.8    33.5    9.5
17/04/2009    0.0    8.2    34.0    9.5
18/04/2009    0.0    9.9    34.0    11.0
19/04/2009    0.0    9.3    35.5    12.0
20/04/2009    0.3    8.2    36.0    12.0
21/04/2009    0.0    8.3    34.0    11.0
22/04/2009    0.0    9.0    35.0    14.0
23/04/2009    0.0    9.9    34.0    9.0
24/04/2009    0.0    8.8    35.5    10.0
25/04/2009    0.0    8.9    36.0    8.5
26/04/2009    0.0    8.8    36.0    10.5
27/04/2009    0.0    7.8    36.0    10.0
28/04/2009    0.0    9.7    37.5    12.0
29/04/2009    0.0    8.9    37.0    13.0
30/04/2009    0.0    9.1    37.5    13.0
01/05/2009    0.0    9.4    38.0    12.5
02/05/2009    0.0    9.9    38.0    13.0
03/05/2009    0.0    9.2    36.5    11.0
04/05/2009    0.0    8.8    37.5    12.0
05/05/2009    0.0    9.2    38.0    12.0
06/05/2009    0.0    9.0    38.5    14.0
07/05/2009    0.3    9.2    39.0    14.0
08/05/2009    0.0    9.1    39.0    15.5
09/05/2009    0.2    8.0    38.5    15.0
10/05/2009    0.4    7.7    38.5    14.0
11/05/2009    3.8    5.8    36.5    14.0
12/05/2009    0.0    4.4    32.0    14.0
13/05/2009    0.0    8.4    35.0    15.0
14/05/2009    1.0    8.2    37.0    15.0
15/05/2009    0.0    7.2    35.0    16.0
16/05/2009    0.0    7.9    33.0    14.0
17/05/2009    0.0    7.8    34.0    14.0
18/05/2009    0.0    7.0    30.0    15.0
19/05/2009    15.0    7.3    35.5    16.0
20/05/2009    0.0    5.3    31.5    15.0
21/05/2009    0.0    7.4    31.5    Nulo
22/05/2009    0.0    7.3    32.0    12.5
23/05/2009    0.0    8.1    34.0    13.0
24/05/2009    0.0    8.3    33.0    13.0
25/05/2009    0.0    8.4    34.0    11.0
26/05/2009    0.0    8.7    35.0    12.0
27/05/2009    0.0    8.1    36.0    12.0
28/05/2009    0.0    7.9    34.5    13.5
29/05/2009    0.0    8.2    33.5    11.5
30/05/2009    0.0    8.5    34.0    12.5
31/05/2009    0.0    8.9    35.0    13.5
01/06/2009    0.0    10.0    34.5    13.0
02/06/2009    0.0    8.1    35.0    14.5
03/06/2009    0.0    7.8    34.0    14.0
04/06/2009    0.0    8.8    35.5    16.5
05/06/2009    0.0    7.2    36.5    16.0
06/06/2009    0.0    8.0    37.5    15.5
07/06/2009    0.0    7.3    37.5    16.0
08/06/2009    0.0    8.2    37.5    16.0
09/06/2009    0.0    8.4    38.0    16.0
10/06/2009    0.0    8.5    38.0    17.0
11/06/2009    2.8    8.6    35.0    16.0
12/06/2009    0.0    6.1    36.0    16.5
13/06/2009    0.0    5.9    36.5    17.0
14/06/2009    2.8    9.0    37.5    17.0
15/06/2009    0.0    5.8    34.0    17.0
16/06/2009    6.0    5.7    34.5    18.0
17/06/2009    0.0    4.7    32.0    15.0
18/06/2009    1.5    6.0    34.0    16.5
19/06/2009    3.3    5.9    34.0    16.5
20/06/2009    1.7    7.0    33.5    16.5
21/06/2009    6.0    5.3    32.0    15.5
22/06/2009    0.5    4.7    31.0    16.0
23/06/2009    0.0    5.8    26.0    17.0
24/06/2009    0.0    5.4    31.0    14.0
25/06/2009    0.5    5.1    33.0    15.0
26/06/2009    0.0    5.1    32.5    16.5
27/06/2009    0.0    4.3    32.0    17.0
28/06/2009    43.5    4.8    33.0    15.0
29/06/2009    1.0    3.5    29.0    15.5
30/06/2009    0.0    4.4    30.0    16.5
01/07/2009    63.6    5.6    30.0    17.0
02/07/2009    5.5    4.2    25.0    16.0
03/07/2009    27.9    4.5    26.5    16.0
04/07/2009    25.4    5.0    27.5    15.5
05/07/2009    0.0    5.0    29.0    16.5
06/07/2009    0.0    4.4    31.0    13.0
07/07/2009    0.0    5.8    31.5    13.0
08/07/2009    0.0    6.2    31.5    15.0
09/07/2009    0.0    5.8    30.0    17.0
10/07/2009    0.0    5.0    31.0    16.0
11/07/2009    3.5    4.6    31.5    15.5
12/07/2009    0.0    5.1    32.0    16.5
13/07/2009    0.0    5.0    30.0    16.0
14/07/2009    19.0    4.8    31.0    13.0
15/07/2009    0.0    4.3    30.0    13.0
16/07/2009    0.0    4.9    32.0    15.5
17/07/2009    0.0    5.5    32.5    16.5
18/07/2009    7.2    5.6    33.0    16.0
19/07/2009    0.0    5.2    32.5    16.5
20/07/2009    0.0    5.6    31.0    14.0
21/07/2009    4.8    5.5    32.0    15.5
22/07/2009    0.0    5.4    31.0    13.0
23/07/2009    0.0    5.0    31.5    14.5
24/07/2009    25.1    5.1    32.0    14.5
25/07/2009    0.0    6.1    32.5    15.0
26/07/2009    13.2    6.0    31.5    16.0
27/07/2009    0.0    6.6    32.0    14.0
28/07/2009    9.3    6.1    32.0    15.5
29/07/2009    0.0    4.8    30.0    17.0
30/07/2009    0.0    5.2    31.0    14.0
31/07/2009    0.0    5.0    32.0    14.5
01/08/2009    27.0    4.3    32.0    15.5
02/08/2009    0.0    4.2    32.5    14.5
03/08/2009    2.8    5.3    31.0    15.0
04/08/2009    1.2    5.2    31.0    16.0
05/08/2009    0.0    5.1    30.0    15.0
06/08/2009    1.0    5.9    32.0    16.0
07/08/2009    4.9    5.4    31.0    15.0
08/08/2009    54.3    5.1    30.5    14.0
09/08/2009    2.7    5.8    31.0    15.0
10/08/2009    5.0    5.0    27.0    12.0
11/08/2009    1.3    4.9    30.0    14.5
12/08/2009    2.6    5.2    31.0    16.0
13/08/2009    0.0    4.7    31.0    12.0
14/08/2009    19.8    5.1    30.5    14.5
15/08/2009    0.0    5.3    31.0    14.5
16/08/2009    0.0    5.4    31.5    15.0
17/08/2009    1.5    4.8    30.0    14.0
18/08/2009    0.0    4.1    35.0    14.0
19/08/2009    0.6    3.7    30.0    14.5
20/08/2009    6.2    3.3    29.5    15.5
21/08/2009    5.2    3.8    30.5    16.0
22/08/2009    3.3    3.7    30.0    14.5
23/08/2009    0.0    3.9    30.5    14.0
24/08/2009    0.0    5.1    31.0    13.0
25/08/2009    21.6    6.6    29.5    13.0
26/08/2009    12.3    6.6    29.0    13.5
27/08/2009    2.6    6.9    29.0    14.0
28/08/2009    13.8    5.4    29.5    15.5
29/08/2009    4.2    5.0    30.0    15.5
30/08/2009    3.9    5.3    30.0    15.0
31/08/2009    0.0    5.2    30.5    14.0
01/09/2009    0.0    3.8    30.0    15.0
02/09/2009    0.3    3.3    28.0    16.0
03/09/2009    1.7    4.2    30.5    15.0
04/09/2009    9.6    3.8    31.0    15.0
05/09/2009    34.8    4.1    30.5    14.0
06/09/2009    0.0    4.7    30.0    14.5
07/09/2009    0.0    4.7    30.0    14.0
08/09/2009    0.0    4.4    28.0    15.0
09/09/2009    0.0    4.4    30.0    15.0
10/09/2009    38.5    4.5    29.0    16.5
11/09/2009    0.0    4.6    29.0    16.0
12/09/2009    0.0    4.2    30.0    14.5
13/09/2009    10.4    4.4    31.0    14.0
14/09/2009    20.5    4.2    29.0    15.0
15/09/2009    37.6    4.2    28.5    15.0
16/09/2009    15.1    5.3    29.0    13.0
17/09/2009    0.0    5.1    30.0    12.0
18/09/2009    48.1    4.5    29.5    13.5
19/09/2009    5.3    4.6    29.0    14.0
20/09/2009    0.0    4.2    29.5    13.5
21/09/2009    4.8    4.1    30.0    13.0
22/09/2009    0.0    3.8    30.0    14.0
23/09/2009    0.0    4.2    29.0    14.5
24/09/2009    17.5    4.9    29.5    13.5
25/09/2009    9.6    4.1    27.0    13.0
26/09/2009    4.9    4.8    28.0    Nulo
27/09/2009    9.6    4.8    27.0    13.5
28/09/2009    2.6    5.6    28.5    14.0
29/09/2009    14.7    4.5    29.5    15.0
30/09/2009    0.0    3.6    29.0    14.0
01/10/2009    0.0    3.7    29.5    15.5
02/10/2009    15.8    4.8    30.0    16.0
03/10/2009    0.0    4.1    30.5    15.5
04/10/2009    0.0    4.1    31.0    14.5
05/10/2009    0.0    2.6    31.0    14.0
06/10/2009    0.0    3.4    32.0    15.0
07/10/2009    16.7    3.7    30.5    15.5
08/10/2009    20.8    2.8    26.0    16.0
09/10/2009    0.8    2.8    27.0    15.5
10/10/2009    0.0    3.6    29.0    16.0
11/10/2009    0.0    4.1    30.5    15.0
12/10/2009    0.0    3.2    28.0    14.0
13/10/2009    0.0    3.3    29.5    12.5
14/10/2009    0.0    3.6    31.5    14.0
15/10/2009    0.0    3.5    31.5    15.0
16/10/2009    0.0    3.6    30.0    16.0
17/10/2009    0.0    3.1    30.5    13.0
18/10/2009    0.0    3.9    31.0    13.5
19/10/2009    0.0    3.2    28.5    10.0
20/10/2009    0.0    4.0    30.0    11.0
21/10/2009    0.8    2.9    24.0    14.5
22/10/2009    0.0    3.3    29.0    12.5
23/10/2009    10.3    2.2    28.0    11.0
24/10/2009    3.4    3.2    29.0    10.0
25/10/2009    0.0    3.0    30.5    11.5
26/10/2009    0.0    3.1    25.0    10.5
27/10/2009    0.0    2.3    27.0    10.0
28/10/2009    0.0    2.7    26.0    12.0
29/10/2009    0.0    3.4    27.0    13.0
30/10/2009    0.0    2.3    28.0    10.0
31/10/2009    0.0    4.2    28.5    9.0
01/11/2009    0.0    4.1    29.0    8.0
02/11/2009    0.0    4.5    29.0    7.5
03/11/2009    0.0    5.1    28.5    5.0
04/11/2009    0.0    4.0    26.0    5.0
05/11/2009    0.0    3.8    25.5    6.5
06/11/2009    0.0    2.9    25.0    5.0
07/11/2009    0.0    3.0    26.0    5.0
08/11/2009    0.0    3.1    28.0    6.5
09/11/2009    0.0    3.2    29.5    7.0
10/11/2009    0.0    4.2    26.0    8.0
11/11/2009    0.0    3.4    26.0    6.5
12/11/2009    0.0    3.6    26.5    5.5
13/11/2009    0.0    3.1    27.0    6.0
14/11/2009    0.0    3.2    27.5    6.5
15/11/2009    0.0    3.1    28.0    7.0
16/11/2009    0.0    3.4    29.0    7.0
17/11/2009    0.0    3.2    28.0    6.0
18/11/2009    0.0    3.1    27.5    6.0
19/11/2009    0.0    2.7    29.0    7.5
20/11/2009    0.0    2.9    28.5    8.0
21/11/2009    0.0    3.1    27.5    8.0
22/11/2009    0.0    3.2    28.0    7.5
23/11/2009    0.0    2.8    26.5    6.0
24/11/2009    0.0    2.8    27.5    6.5
25/11/2009    0.0    2.6    27.0    8.5
26/11/2009    0.0    2.2    27.0    7.5
27/11/2009    0.0    2.1    27.5    7.0
28/11/2009    0.0    2.0    27.0    7.5
29/11/2009    0.0    1.9    27.5    8.0
30/11/2009    3.2    1.7    26.0    8.5
01/12/2009    0.0    2.1    25.5    13.0
02/12/2009    0.0    2.1    25.0    8.5
03/12/2009    0.0    2.3    26.0    4.0
04/12/2009    5.4    2.3    25.5    6.5
05/12/2009    0.0    2.5    26.0    8.0
06/12/2009    0.0    2.5    26.0    7.0
07/12/2009    0.0    1.9    27.0    7.0
08/12/2009    0.0    1.9    27.5    8.0
09/12/2009    0.0    2.8    26.0    7.5
10/12/2009    0.0    2.9    27.0    7.0
11/12/2009    0.0    3.0    28.0    7.0
12/12/2009    0.0    2.9    26.5    8.0
13/12/2009    0.0    2.5    26.0    7.0
14/12/2009    0.0    3.1    28.0    8.0
15/12/2009    0.2    1.9    26.0    8.0
16/12/2009    7.8    3.6    25.0    9.5
17/12/2009    0.0    3.0    25.0    7.0
18/12/2009    0.0    3.0    25.5    5.5
19/12/2009    0.0    3.1    26.5    6.0
20/12/2009    0.0    3.2    26.0    7.0
21/12/2009    0.0    1.8    25.5    4.0
22/12/2009    0.0    3.7    26.0    4.5
23/12/2009    0.0    2.7    25.0    4.0
24/12/2009    0.0    2.4    25.5    5.0
25/12/2009    0.0    2.3    26.5    6.5
26/12/2009    0.0    2.3    25.0    6.0
27/12/2009    0.0    3.2    26.0    4.0
28/12/2009    0.0    2.4    27.0    3.0
29/12/2009    0.0    3.0    25.5    6.0
30/12/2009    0.0    2.3    26.5    8.0
31/12/2009    0.0    3.6    26.0    8.5
01/01/2010    17.5    2.0    25.0    7.0
02/01/2010    0.0    2.2    25.0    5.5
03/01/2010    0.0    2.7    27.5    6.0
04/01/2010    0.0    2.9    23.0    8.0
05/01/2010    0.0    2.2    21.5    6.0
06/01/2010    0.0    1.3    24.5    6.5
07/01/2010    0.0    1.5    27.0    7.0
08/01/2010    0.0    2.0    26.0    8.0
09/01/2010    0.0    2.5    25.0    7.0
10/01/2010    0.0    2.8    24.5    4.0
11/01/2010    0.0    1.4    21.0    3.5
12/01/2010    5.4    2.0    22.0    5.0
13/01/2010    0.0    2.5    22.5    7.5
14/01/2010    0.0    2.5    23.5    6.5
15/01/2010    4.0    4.5    19.0    2.0
16/01/2010    0.0    1.8    20.5    0.5
17/01/2010    0.0    2.2    23.0    1.5
18/01/2010    0.0    2.4    25.5    2.0
19/01/2010    0.0    2.2    27.0    6.0
20/01/2010    0.0    2.5    27.0    5.5
21/01/2010    0.0    3.2    28.0    3.5
22/01/2010    0.0    4.4    26.5    4.0
23/01/2010    0.0    2.5    26.0    4.5
24/01/2010    0.0    2.8    29.0    3.5
25/01/2010    0.0    2.6    29.0    2.5
26/01/2010    0.0    3.6    29.5    4.0
27/01/2010    0.0    4.2    28.0    7.0
28/01/2010    0.0    3.5    28.0    6.0
29/01/2010    0.0    3.8    27.5    6.5
30/01/2010    8.2    3.8    27.5    6.5
31/01/2010    18.3    2.9    27.0    7.0
01/02/2010    20.8    4.0    27.0    7.5
02/02/2010    37.5    3.6    15.5    7.0
03/02/2010    54.7    3.8    13.5    9.5
04/02/2010    1.4    3.3    20.0    9.5
05/02/2010    0.0    3.2    23.0    3.0
06/02/2010    0.0    3.9    26.0    3.5
07/02/2010    0.0    2.3    27.0    4.0
08/02/2010    0.0    2.6    24.0    4.5
09/02/2010    0.0    1.5    26.0    5.5
10/02/2010    0.0    4.7    27.0    7.5
11/02/2010    0.2    2.1    24.0    9.5
12/02/2010    0.0    3.0    25.5    6.8
13/02/2010    0.0    3.2    26.0    7.5
14/02/2010    0.0    3.5    28.0    7.5
15/02/2010    0.0    3.2    27.0    7.0
16/02/2010    0.6    3.2    25.5    9.0
17/02/2010    4.4    2.7    22.0    9.5
18/02/2010    5.7    3.1    22.3    10.5
19/02/2010    0.0    3.1    24.0    6.0
20/02/2010    0.0    2.9    25.5    6.0
21/02/2010    0.0    4.6    26.0    5.5
22/02/2010    0.0    5.0    27.0    5.0
23/02/2010    0.0    6.3    27.0    4.0
24/02/2010    0.0    6.4    21.0    4.5
25/02/2010    0.0    3.7    26.0    2.5
26/02/2010    0.0    4.5    26.5    4.5
27/02/2010    0.0    4.8    27.0    5.0
28/02/2010    0.0    5.1    28.5    5.5
01/04/2010    0.0    6.8    31.0    9.0
02/04/2010    0.0    5.7    30.0    9.0
03/04/2010    0.0    6.4    31.5    8.0
04/04/2010    0.0    6.5    32.0    9.5
05/04/2010    0.0    6.7    34.0    10.0
06/04/2010    0.0    6.6    33.0    11.0
07/04/2010    0.0    7.3    33.5    11.5
08/04/2010    0.0    6.4    33.0    11.0
09/04/2010    0.0    5.7    31.5    11.5
10/04/2010    0.0    6.7    32.5    12.5
11/04/2010    0.0    6.9    33.5    13.5
12/04/2010    0.0    6.8    32.5    12.5
13/04/2010    0.0    7.6    31.0    7.5
14/04/2010    0.0    6.2    32.0    7.5
15/04/2010    0.0    7.2    31.5    9.0
16/04/2010    0.0    7.0    32.0    9.5
17/04/2010    0.0    7.1    32.0    10.0
18/04/2010    0.0    7.1    31.0    9.0
19/04/2010    0.0    7.0    32.0    9.5
20/04/2010    0.0    7.7    33.0    9.5
21/04/2010    0.0    6.3    33.0    10.0
22/04/2010    0.0    6.3    31.0    11.5
23/04/2010    0.0    3.5    32.0    12.5
24/04/2010    0.0    7.6    33.5    11.0
25/04/2010    0.0    7.2    33.0    10.0
26/04/2010    0.0    7.3    33.5    8.0
27/04/2010    0.0    7.8    32.5    9.0
28/04/2010    0.0    7.7    33.0    9.5
29/04/2010    0.0    8.7    32.0    9.0
30/04/2010    0.0    8.1    32.0    7.5
01/05/2010    0.0    8.7    30.0    7.0
02/05/2010    0.0    8.6    32.5    5.5
03/05/2010    0.0    8.5    35.0    8.0
04/05/2010    0.0    8.4    37.5    11.0
05/05/2010    0.0    8.0    36.5    13.5
06/05/2010    0.0    8.6    37.5    14.0
07/05/2010    0.0    8.3    38.5    13.0
08/05/2010    0.0    8.9    38.5    12.5
09/05/2010    3.4    8.2    36.5    17.0
10/05/2010    3.1    9.3    36.0    15.0
11/05/2010    0.0    6.1    35.0    15.0
12/05/2010    0.0    7.0    32.5    16.0
13/05/2010    0.0    7.2    35.0    14.5
14/05/2010    0.0    7.9    35.0    13.5
15/05/2010    0.3    8.2    34.5    15.0
16/05/2010    0.0    6.5    36.0    16.5
17/05/2010    0.0    7.3    34.5    14.0
18/05/2010    0.0    7.1    34.0    12.5
19/05/2010    0.0    9.7    37.0    10.5
20/05/2010    0.0    8.2    37.5    12.0
21/05/2010    0.0    6.9    37.5    13.0
22/05/2010    0.0    7.8    37.0    14.5
23/05/2010    0.0    8.4    35.5    12.5
24/05/2010    0.0    8.9    33.5    12.0
25/05/2010    0.0    10.6    35.0    12.5
26/05/2010    0.0    9.2    37.0    13.0
27/05/2010    0.0    9.5    37.5    15.0
28/05/2010    0.0    8.7    35.5    13.0
29/05/2010    0.0    9.0    34.0    10.0
30/05/2010    0.0    8.2    35.5    11.0
31/05/2010    0.0    8.1    36.5    9.0
01/06/2010    0.0    9.9    37.0    11.5
02/06/2010    0.0    10.7    35.0    11.0
03/06/2010    0.0    10.4    35.5    12.0
04/06/2010    0.0    8.7    36.5    11.0
05/06/2010    0.0    10.2    37.5    12.0
06/06/2010    0.0    9.8    36.0    12.0
07/06/2010    3.2    8.2    37.0    15.5
08/06/2010    2.6    5.5    37.0    15.5
09/06/2010    0.0    6.1    35.0    15.0
10/06/2010    0.0    6.9    35.0    16.5
11/06/2010    0.3    6.8    35.0    18.5
12/06/2010    0.3    6.8    35.0    18.5
13/06/2010    29.3    10.7    33.0    17.0
14/06/2010    31.5    10.6    37.0    15.5
15/06/2010    0.2    4.7    32.0    15.0
16/06/2010    0.0    6.1    32.0    16.0
17/06/2010    28.4    4.4    29.0    18.5
18/06/2010    6.6    3.5    27.0    17.0
19/06/2010    0.2    5.2    30.5    16.5
20/06/2010    1.1    5.5    32.0    16.5
21/06/2010    0.0    6.1    32.5    16.0
22/06/2010    57.2    6.2    32.0    17.0
23/06/2010    22.6    8.8    31.0    14.5
24/06/2010    8.9    5.4    30.5    14.0
25/06/2010    0.2    3.6    29.0    14.5
26/06/2010    0.2    4.4    30.5    16.5
27/06/2010    13.8    8.1    31.5    17.5
28/06/2010    0.0    5.9    31.0    14.0
29/06/2010    31.5    6.8    30.5    17.0
30/06/2010    0.8    4.0    30.0    16.0
01/08/2010    0.0    4.1    31.0    13.0
02/08/2010    0.0    7.0    30.0    15.0
03/08/2010    0.9    5.5    29.0    14.0
04/08/2010    9.6    5.8    29.5    14.0
05/08/2010    0.0    4.8    29.5    13.5
06/08/2010    19.0    7.6    29.0    15.0
07/08/2010    0.1    3.3    28.5    15.5
08/08/2010    0.6    4.8    30.0    17.0
09/08/2010    2.4    3.5    30.0    17.0
10/08/2010    0.0    5.7    30.0    17.0
11/08/2010    29.1    5.0    30.5    14.0
12/08/2010    16.4    5.3    28.5    13.0
13/08/2010    12.7    1.9    25.0    14.5
14/08/2010    0.3    3.5    30.0    16.0
15/08/2010    18.2    5.9    29.0    16.5
16/08/2010    0.0    3.7    28.5    15.0
17/08/2010    0.2    2.0    28.5    15.5
18/08/2010    31.7    4.8    28.0    16.0
19/08/2010    12.6    5.2    30.0    16.0
20/08/2010    11.8    5.4    30.0    15.5
21/08/2010    0.0    3.5    28.0    12.0
22/08/2010    0.0    5.1    28.5    14.5
23/08/2010    0.0    5.5    30.0    13.5
24/08/2010    0.0    5.3    30.0    13.0
25/08/2010    0.0    5.7    30.0    12.5
26/08/2010    0.0    4.5    28.0    14.0
27/08/2010    0.0    5.1    29.5    15.0
28/08/2010    0.0    5.3    31.0    15.0
29/08/2010    2.2    4.0    31.0    16.0
30/08/2010    2.8    4.0    30.0    17.0
31/08/2010    0.9    3.9    29.0    16.0
01/09/2010    0.0    4.1    28.0    16.5
02/09/2010    0.0    5.9    31.0    15.5
03/09/2010    0.0    5.4    30.0    15.5
04/09/2010    0.0    3.0    29.0    15.5
05/09/2010    0.0    3.6    28.5    14.0
06/09/2010    42.1    11.7    31.0    14.5
07/09/2010    2.2    2.2    27.5    16.5
08/09/2010    13.6    3.1    Nulo    17.0
09/09/2010    0.2    3.3    28.5    15.5
10/09/2010    2.3    3.9    28.5    16.5
11/09/2010    6.7    3.9    29.0    15.5
12/09/2010    0.0    4.7    29.0    14.5
13/09/2010    0.0    4.8    29.5    14.0
14/09/2010    0.0    5.1    30.0    13.0
15/09/2010    0.0    5.3    29.0    14.0
16/09/2010    11.9    2.0    30.0    14.0
17/09/2010    8.2    3.8    28.5    14.0
18/09/2010    0.3    3.3    29.0    14.5
19/09/2010    1.1    2.9    27.5    16.0
20/09/2010    13.9    3.8    28.5    16.5
21/09/2010    33.1    4.1    26.0    16.5
22/09/2010    0.3    2.5    29.0    15.5
23/09/2010    7.6    3.3    29.0    16.0
24/09/2010    3.6    2.1    28.0    15.0
25/09/2010    1.0    2.8    28.5    15.0
26/09/2010    0.0    3.3    28.5    15.0
27/09/2010    27.2    5.2    29.0    14.5
28/09/2010    0.0    2.5    27.5    14.0
29/09/2010    0.0    5.0    30.0    15.5
30/09/2010    0.0    5.1    30.0    10.5
01/10/2010    0.0    5.9    27.5    9.5
02/10/2010    0.0    4.9    28.0    8.5
03/10/2010    0.0    4.2    26.0    9.0
04/10/2010    0.0    4.4    26.0    8.0
05/10/2010    0.0    3.8    25.5    7.0
06/10/2010    0.0    4.0    27.5    8.5
07/10/2010    0.0    4.8    27.0    10.0
08/10/2010    0.0    4.7    26.5    8.5
09/10/2010    0.0    4.8    28.0    7.5
10/10/2010    0.0    4.3    29.5    8.0
11/10/2010    0.0    5.3    30.0    11.5
12/10/2010    0.0    5.0    30.5    12.5
13/10/2010    0.0    5.5    29.0    13.5
14/10/2010    0.0    5.2    26.0    11.5
15/10/2010    0.0    3.8    26.5    8.0
16/10/2010    0.0    3.5    29.0    8.0
17/10/2010    0.0    3.4    29.0    10.0
18/10/2010    0.0    3.5    30.0    9.5
19/10/2010    0.0    3.7    29.5    9.5
20/10/2010    0.0    3.3    31.0    10.0
21/10/2010    0.0    3.8    29.5    11.0
22/10/2010    0.0    3.7    30.5    12.0
23/10/2010    0.0    2.9    30.0    10.5
24/10/2010    0.0    4.7    29.5    10.0
25/10/2010    0.0    3.5    30.0    9.0
26/10/2010    0.0    4.2    30.0    10.0
27/10/2010    0.0    4.4    31.0    7.0
28/10/2010    0.0    4.3    31.0    8.0
29/10/2010    0.0    5.3    28.5    9.5
30/10/2010    0.0    3.3    30.0    9.5
31/10/2010    0.0    3.4    30.5    10.0
01/11/2010    0.0    2.1    31.0    12.5
02/11/2010    0.0    3.5    31.0    11.5
03/11/2010    0.0    3.7    25.5    10.0
04/11/2010    0.0    4.2    24.5    6.5
05/11/2010    0.0    4.2    24.5    4.5
06/11/2010    0.0    4.5    26.0    3.0
07/11/2010    0.0    2.9    25.0    2.5
08/11/2010    0.0    3.5    25.5    3.0
09/11/2010    0.0    2.0    25.5    3.5
10/11/2010    0.0    2.7    26.5    4.5
11/11/2010    0.0    3.8    28.5    6.5
12/11/2010    0.0    2.3    26.0    7.5
13/11/2010    0.0    2.7    29.0    7.0
14/11/2010    0.0    3.2    27.5    8.5
15/11/2010    0.0    4.3    26.5    8.0
16/11/2010    0.0    2.4    26.5    5.5
17/11/2010    0.0    4.4    27.5    4.5
18/11/2010    0.0    3.7    28.0    7.5
19/11/2010    0.0    2.8    27.5    9.0
20/11/2010    0.0    2.9    30.0    8.5
21/11/2010    0.0    3.6    30.0    8.0
22/11/2010    0.0    3.2    30.0    8.5
23/11/2010    0.0    2.6    31.0    8.5
24/11/2010    0.0    3.0    30.0    9.0
25/11/2010    0.0    3.2    28.0    8.5
26/11/2010    0.0    3.8    28.0    7.0
27/11/2010    0.0    3.0    28.5    8.0
28/11/2010    0.0    3.1    28.0    8.5
29/11/2010    0.0    3.6    27.5    7.5
30/11/2010    0.0    4.4    29.0    6.5
01/12/2010    0.0    3.2    27.5    6.5
02/12/2010    0.0    2.2    28.0    7.0
03/12/2010    0.0    3.2    28.5    6.5
04/12/2010    0.0    3.1    29.0    6.0
05/12/2010    0.0    3.6    28.5    6.0
06/12/2010    0.0    3.6    24.7    4.5
07/12/2010    0.0    2.7    26.0    5.0
08/12/2010    0.0    3.2    27.0    5.0
09/12/2010    0.0    3.2    24.0    4.0
10/12/2010    0.0    2.4    26.5    1.5
11/12/2010    0.0    3.9    26.5    2.5
12/12/2010    0.0    3.1    28.5    3.0
13/12/2010    0.0    3.5    27.0    4.5
14/12/2010    0.0    3.7    27.0    5.0
15/12/2010    0.0    3.8    26.0    4.5
16/12/2010    0.0    3.6    24.0    3.0
17/12/2010    0.0    3.8    25.0    1.5
18/12/2010    0.0    3.2    27.5    2.5
19/12/2010    0.0    3.8    28.0    3.5
20/12/2010    0.0    2.2    28.0    5.5
21/12/2010    0.0    3.0    28.5    6.0
22/12/2010    0.0    2.3    30.0    6.5
23/12/2010    0.0    2.7    27.0    6.5
24/12/2010    0.0    3.6    27.0    5.5
25/12/2010    0.0    2.8    26.0    5.5
26/12/2010    0.0    2.4    25.0    7.0
27/12/2010    0.0    2.4    26.0    7.0
28/12/2010    0.0    2.8    26.0    6.0
29/12/2010    0.0    3.2    25.5    5.0
30/12/2010    0.0    2.9    27.0    4.0
31/12/2010    0.0    2.8    26.0    2.5
01/01/2011    0.0    3.3    28.0    3.5
02/01/2011    0.0    3.7    28.0    6.0
03/01/2011    0.0    2.5    28.0    8.5
04/01/2011    0.0    2.4    28.5    7.0
05/01/2011    0.0    3.4    30.0    7.5
06/01/2011    0.0    3.5    30.0    8.0
07/01/2011    0.0    3.3    30.0    7.0
08/01/2011    0.0    3.4    28.0    7.0
09/01/2011    0.0    3.2    26.5    5.0
10/01/2011    0.0    3.1    27.0    4.5
11/01/2011    0.0    3.2    30.5    6.5
12/01/2011    0.0    3.1    27.0    7.5
13/01/2011    0.0    3.5    26.0    7.5
14/01/2011    0.0    3.6    27.0    7.0
15/01/2011    0.0    3.2    26.5    7.0
16/01/2011    0.0    3.1    26.0    6.5
17/01/2011    0.0    3.7    27.0    3.5
18/01/2011    0.0    3.8    28.5    3.5
19/01/2011    0.0    4.0    30.0    4.0
20/01/2011    0.0    3.4    28.5    4.0
21/01/2011    0.0    3.7    28.0    5.5
22/01/2011    0.0    3.1    28.0    5.0
23/01/2011    0.0    3.3    26.5    4.5
24/01/2011    0.0    4.6    27.5    4.5
25/01/2011    0.0    4.4    27.0    4.0
26/01/2011    0.0    4.4    27.5    3.5
27/01/2011    0.0    4.5    28.5    5.0
28/01/2011    0.0    3.0    26.5    6.0
29/01/2011    0.0    4.6    26.5    6.0
30/01/2011    0.0    4.2    28.0    6.0
31/01/2011    0.0    4.4    29.5    7.0
01/02/2011    0.0    4.2    28.0    7.0
02/02/2011    0.0    4.5    28.0    8.0
03/02/2011    0.0    3.2    23.5    9.0
04/02/2011    0.0    4.2    27.0    7.0
05/02/2011    0.0    5.0    26.0    7.0
06/02/2011    0.0    4.4    27.0    7.5
07/02/2011    0.0    3.6    29.0    6.0
08/02/2011    0.0    4.6    28.0    7.5
09/02/2011    0.0    4.9    29.0    7.0
10/02/2011    0.0    4.9    30.0    7.0
11/02/2011    0.0    4.9    30.0    7.5
12/02/2011    0.0    4.7    30.0    7.5
13/02/2011    0.0    4.4    29.0    7.0
14/02/2011    0.0    5.4    30.0    7.0
15/02/2011    0.0    4.8    32.0    7.5
16/02/2011    0.0    5.1    31.0    8.0
17/02/2011    0.0    4.3    31.5    8.0
18/02/2011    0.0    5.2    32.0    8.0
19/02/2011    0.0    5.1    31.5    8.0
20/02/2011    0.0    5.4    30.5    8.0
21/02/2011    0.0    5.9    30.0    8.5
22/02/2011    0.0    5.9    30.0    8.0
23/02/2011    0.0    6.3    30.0    8.0
24/02/2011    0.0    6.5    30.0    8.0
25/02/2011    0.0    6.5    31.5    8.5
26/02/2011    0.0    6.1    31.0    9.5
27/02/2011    0.0    6.8    31.5    9.0
28/02/2011    0.0    6.3    33.0    8.0
01/03/2011    0.0    5.6    32.5    10.5
02/03/2011    0.0    6.1    33.0    11.0
03/03/2011    0.0    6.8    34.0    10.0
04/03/2011    0.0    6.9    32.5    10.0
05/03/2011    0.0    6.1    32.5    8.0
06/03/2011    0.0    6.3    31.0    8.0
07/03/2011    0.0    7.0    31.0    7.5
08/03/2011    0.0    6.5    30.5    7.0
09/03/2011    0.0    6.7    30.5    6.5
10/03/2011    0.0    7.4    31.0    9.0
11/03/2011    0.0    5.5    30.5    9.5
12/03/2011    0.0    6.4    31.0    9.5
13/03/2011    0.0    5.0    32.0    9.5
14/03/2011    0.0    5.9    31.5    9.5
15/03/2011    0.0    6.6    30.0    9.0
16/03/2011    0.0    6.4    32.0    13.0
17/03/2011    0.0    6.8    30.5    11.0
18/03/2011    0.0    7.5    33.0    11.5
19/03/2011    0.0    6.2    34.0    11.0
20/03/2011    0.0    6.7    34.5    11.5
21/03/2011    0.0    8.0    34.0    12.0
22/03/2011    0.0    6.5    33.5    11.0
23/03/2011    0.0    7.6    33.5    10.0
24/03/2011    0.0    7.8    34.0    10.5
25/03/2011    0.0    7.6    33.5    10.0
26/03/2011    0.0    7.2    33.0    10.5
27/03/2011    0.0    7.5    33.5    9.5
28/03/2011    0.0    8.1    33.5    9.0
29/03/2011    0.0    8.5    34.0    9.5
30/03/2011    0.0    9.4    33.5    9.5
31/03/2011    0.0    9.2    32.5    9.5
01/04/2011    0.0    9.2    33.5    8.0
02/04/2011    0.0    9.0    33.5    10.0
03/04/2011    0.0    8.8    33.0    11.0
04/04/2011    0.0    8.1    33.5    11.0
05/04/2011    0.0    7.4    35.0    11.0
06/04/2011    0.0    9.9    33.5    12.0
07/04/2011    0.0    7.0    34.0    11.5
08/04/2011    0.0    9.6    34.0    12.0
09/04/2011    0.0    8.3    34.0    11.5
10/04/2011    0.0    8.9    34.0    11.5
11/04/2011    0.0    7.5    32.5    12.0
12/04/2011    0.0    7.6    36.0    12.0
13/04/2011    0.0    6.9    34.0    12.0
14/04/2011    0.0    8.6    35.5    13.0
15/04/2011    0.0    8.5    35.0    13.0
16/04/2011    0.0    8.6    36.0    15.0
17/04/2011    0.0    8.9    34.0    15.5
18/04/2011    0.0    8.4    33.5    13.5
19/04/2011    0.0    9.0    33.5    11.0
20/04/2011    0.0    8.4    34.0    12.0
21/04/2011    0.0    9.1    35.0    12.0
22/04/2011    0.0    9.0    36.5    13.0
23/04/2011    0.0    8.9    34.5    12.0
24/04/2011    0.0    8.1    33.5    11.5
25/04/2011    0.0    8.6    34.0    12.5
26/04/2011    0.0    9.0    34.5    10.0
27/04/2011    0.0    9.1    35.0    10.5
28/04/2011    0.0    9.0    35.5    11.0
29/04/2011    0.0    9.1    36.8    12.5
30/04/2011    0.0    9.2    37.0    13.0
01/05/2011    0.0    7.9    36.0    10.5
02/05/2011    0.0    9.0    36.0    12.0
03/05/2011    29.5    12.2    33.5    14.0
04/05/2011    0.0    4.7    31.0    14.0
05/05/2011    0.0    8.4    34.0    14.5
06/05/2011    0.0    6.5    34.5    15.0
07/05/2011    0.0    8.0    35.0    15.0
08/05/2011    0.0    8.6    33.0    15.0
09/05/2011    0.0    9.1    35.5    16.0
10/05/2011    0.0    9.9    34.3    14.5
11/05/2011    0.0    8.6    34.3    13.5
12/05/2011    0.0    10.8    34.5    12.0
13/05/2011    0.0    9.4    36.4    11.5
14/05/2011    0.0    10.4    37.5    12.0
15/05/2011    0.0    10.0    36.0    13.0
16/05/2011    0.0    9.5    36.5    12.0
17/05/2011    0.0    10.2    35.5    12.0
18/05/2011    0.0    9.1    35.0    11.5
19/05/2011    0.0    8.9    35.0    14.0
20/05/2011    0.0    10.3    35.5    14.0
21/05/2011    0.0    9.4    36.0    13.0
22/05/2011    0.0    9.3    36.5    15.0
23/05/2011    0.0    9.9    36.0    15.0
24/05/2011    0.0    10.4    37.5    14.0
25/05/2011    0.0    9.8    37.0    14.0
26/05/2011    0.0    9.4    39.0    11.0
27/05/2011    0.0    9.9    38.0    12.0
28/05/2011    0.0    10.7    38.5    18.5
29/05/2011    0.0    9.4    38.0    17.0
30/05/2011    0.0    9.3    36.5    17.0
31/05/2011    0.0    9.0    36.9    17.0
01/06/2011    0.0    10.8    34.0    17.0
02/06/2011    0.0    9.7    34.5    15.0
03/06/2011    0.0    7.9    35.5    15.5
04/06/2011    0.0    7.9    35.5    15.0
05/06/2011    0.0    8.1    34.0    16.0
06/06/2011    4.2    9.1    35.0    17.0
07/06/2011    0.0    9.4    34.5    17.0
08/06/2011    0.0    8.8    37.0    18.5
09/06/2011    0.0    7.2    35.5    17.0
10/06/2011    25.8    11.7    35.0    18.0
11/06/2011    0.0    7.8    35.0    16.5
12/06/2011    0.0    8.3    35.0    15.5
13/06/2011    0.0    7.2    33.5    16.5
14/06/2011    2.3    6.1    34.5    18.0
15/06/2011    0.0    7.6    34.0    17.0
16/06/2011    18.5    7.9    34.5    17.0
17/06/2011    0.0    9.5    34.5    17.0
18/06/2011    0.0    6.4    34.5    18.0
19/06/2011    0.0    8.4    34.5    19.0
20/06/2011    25.5    9.8    35.0    19.0
21/06/2011    12.3    6.2    26.0    18.5
22/06/2011    8.1    6.1    26.0    16.0
23/06/2011    39.8    5.7    30.5    16.5
24/06/2011    0.3    4.9    30.0    16.0
25/06/2011    8.1    6.9    31.0    17.5
26/06/2011    31.8    9.9    31.5    16.5
27/06/2011    4.9    4.8    27.0    15.5
28/06/2011    0.0    6.0    30.5    16.5
29/06/2011    9.7    5.3    30.5    17.5
30/06/2011    0.7    3.3    29.5    19.0
01/07/2011    9.7    4.2    25.0    18.0
02/07/2011    12.4    5.1    28.5    18.0
03/07/2011    0.2    3.2    26.5    17.5
04/07/2011    0.3    2.9    26.0    17.5
05/07/2011    0.2    2.2    27.0    17.0
06/07/2011    0.2    3.7    29.5    16.0
07/07/2011    15.9    9.2    30.5    17.0
08/07/2011    17.6    8.7    33.5    16.0
09/07/2011    0.3    4.9    28.0    16.0
10/07/2011    4.7    2.5    27.5    16.5
11/07/2011    4.3    4.6    29.5    17.0
12/07/2011    5.2    5.1    30.0    17.5
13/07/2011    2.3    2.0    28.0    17.0
14/07/2011    30.4    6.6    28.5    16.5
15/07/2011    9.3    6.0    28.5    16.0
16/07/2011    0.0    4.7    28.5    15.5
17/07/2011    3.5    4.5    27.5    16.5
18/07/2011    26.1    7.4    29.5    17.0
19/07/2011    18.8    10.1    28.5    15.0
20/07/2011    0.0    5.7    28.0    16.5
21/07/2011    0.0    5.1    29.0    16.0
22/07/2011    0.0    5.9    30.0    16.0
23/07/2011    0.3    2.9    28.5    16.0
24/07/2011    4.8    5.5    30.0    15.0
25/07/2011    12.5    6.5    29.5    15.5
26/07/2011    0.0    5.2    27.5    16.0
27/07/2011    10.3    5.5    29.0    15.5
28/07/2011    14.3    4.9    29.5    14.5
29/07/2011    0.8    5.6    19.0    16.0
30/07/2011    29.6    5.6    26.5    15.0
31/07/2011    2.8    5.8    28.5    16.0
01/08/2011    0.0    5.6    29.5    15.5
02/08/2011    2.2    6.7    30.0    15.0
03/08/2011    6.9    7.4    30.0    14.5
04/08/2011    0.2    2.2    27.0    15.5
05/08/2011    0.0    5.3    30.5    16.0
06/08/2011    39.2    9.8    30.5    17.0
07/08/2011    0.0    5.9    30.0    15.5
08/08/2011    0.0    5.8    30.5    15.5
09/08/2011    0.2    5.9    30.0    15.5
10/08/2011    0.0    4.3    28.0    17.5
11/08/2011    0.0    5.7    31.0    17.0
12/08/2011    7.3    5.6    31.0    16.0
13/08/2011    2.6    5.7    29.5    15.0
14/08/2011    15.5    6.5    28.5    16.0
15/08/2011    0.0    5.2    29.5    16.0
16/08/2011    14.9    8.5    30.0    15.5
17/08/2011    0.0    7.0    30.0    15.0
18/08/2011    0.0    5.3    30.0    15.5
19/08/2011    0.0    5.8    30.5    16.0
20/08/2011    0.0    5.7    30.5    17.5
21/08/2011    0.0    4.8    30.0    16.5
22/08/2011    0.0    5.7    30.0    15.0
23/08/2011    77.8    8.6    29.0    16.0
24/08/2011    3.5    5.3    29.5    15.5
25/08/2011    0.0    5.3    30.0    15.5
26/08/2011    1.0    5.5    30.0    16.0
27/08/2011    13.1    4.8    29.0    15.5
28/08/2011    2.1    3.8    26.0    16.0
29/08/2011    0.0    4.2    28.5    15.0
30/08/2011    0.0    5.9    29.5    14.0
31/08/2011    11.3    2.7    27.0    15.0
01/09/2011    0.3    3.4    25.0    16.5
02/09/2011    0.0    3.9    28.5    17.5
03/09/2011    1.1    1.2    24.0    18.0
04/09/2011    21.1    3.7    28.5    17.5
05/09/2011    0.0    7.4    28.0    15.5
06/09/2011    0.0    4.0    27.0    14.0
07/09/2011    0.0    5.8    28.0    12.0
08/09/2011    0.0    5.1    28.0    7.0
09/09/2011    0.0    6.4    28.5    8.0
10/09/2011    0.0    5.2    29.0    8.0
11/09/2011    0.0    6.7    29.0    8.0
12/09/2011    0.0    3.5    30.0    9.0
13/09/2011    0.0    4.3    30.0    14.0
14/09/2011    0.0    5.7    32.0    15.0
15/09/2011    11.3    5.4    30.0    16.5
16/09/2011    5.6    2.3    27.0    17.0
17/09/2011    0.0    3.8    29.0    15.0
18/09/2011    15.7    7.6    30.5    15.5
19/09/2011    0.0    4.0    29.5    15.5
20/09/2011    0.0    6.1    30.0    14.5
21/09/2011    0.0    6.1    30.0    14.5
22/09/2011    0.0    5.2    30.0    13.5
23/09/2011    0.0    5.1    29.5    13.5
24/09/2011    0.0    3.8    28.5    14.0
25/09/2011    0.0    4.2    30.5    17.0
26/09/2011    0.0    4.2    30.0    17.5
27/09/2011    0.0    4.5    31.0    15.0
28/09/2011    11.3    5.1    30.5    15.0
29/09/2011    0.8    4.8    30.5    13.0
30/09/2011    0.6    5.0    31.0    13.5
01/10/2011    0.0    4.9    28.0    14.5
02/10/2011    0.0    4.9    29.5    11.5
03/10/2011    0.0    4.7    29.5    12.0
04/10/2011    0.0    4.1    30.5    12.5
05/10/2011    0.0    4.2    31.0    13.0
06/10/2011    4.9    3.9    31.5    15.0
07/10/2011    0.0    4.0    29.5    10.0
08/10/2011    0.0    3.8    28.0    9.0
09/10/2011    1.0    3.0    27.5    10.0
10/10/2011    0.7    2.9    28.5    12.0
11/10/2011    11.4    1.5    23.5    15.5
12/10/2011    29.8    4.4    18.5    15.5
13/10/2011    5.1    2.5    22.0    14.5
14/10/2011    0.0    3.9    27.0    12.5
15/10/2011    0.0    5.0    28.0    11.5
16/10/2011    0.0    4.5    28.5    8.5
17/10/2011    0.0    3.7    29.5    9.0
18/10/2011    0.0    6.0    30.0    10.5
19/10/2011    0.0    3.5    27.5    10.5
20/10/2011    0.0    3.8    29.0    11.0
21/10/2011    0.0    4.0    30.0    11.5
22/10/2011    0.0    5.2    29.0    8.5
23/10/2011    0.0    5.3    29.0    8.0
24/10/2011    0.0    5.9    28.0    7.0
25/10/2011    0.0    4.7    27.5    6.0
26/10/2011    0.0    3.6    28.5    6.0
27/10/2011    0.0    2.8    28.5    6.0
28/10/2011    0.0    2.9    30.0    9.0
29/10/2011    0.0    4.4    30.0    13.0
30/10/2011    0.0    3.3    30.0    12.0
31/10/2011    0.0    5.5    29.5    11.0
01/11/2011    0.0    3.9    28.0    7.5
02/11/2011    0.0    2.0    29.0    8.5
03/11/2011    0.0    3.9    30.5    9.5
04/11/2011    0.0    3.1    30.5    10.0
05/11/2011    0.0    4.1    30.0    10.5
06/11/2011    0.0    3.1    29.5    10.0
07/11/2011    0.0    3.1    31.0    9.5
08/11/2011    0.0    3.0    29.0    11.0
09/11/2011    0.0    2.2    28.0    9.5
10/11/2011    0.0    2.7    27.5    9.0
11/11/2011    0.0    2.3    27.5    7.5
12/11/2011    0.0    3.3    28.0    8.0
13/11/2011    0.0    3.2    27.5    8.0
14/11/2011    0.0    3.7    28.0    8.5
15/11/2011    0.0    3.3    27.0    8.0
16/11/2011    0.0    3.7    28.5    7.5
17/11/2011    0.0    3.0    29.0    9.0
18/11/2011    0.0    3.2    30.0    10.5
19/11/2011    0.0    3.5    30.5    10.0
20/11/2011    0.0    2.1    31.0    11.0
21/11/2011    0.0    2.3    31.0    11.0
22/11/2011    0.0    3.4    31.5    10.5
23/11/2011    0.0    3.3    29.5    11.5
24/11/2011    0.0    4.2    30.0    11.0
25/11/2011    0.0    2.7    30.0    8.5
26/11/2011    0.0    3.1    27.0    8.0
27/11/2011    0.0    3.9    19.0    9.5
28/11/2011    0.0    4.0    23.5    1.5
29/11/2011    0.0    4.7    26.5    2.5
30/11/2011    0.0    3.5    26.5    4.0
01/12/2011    0.0    2.4    28.0    6.0
02/12/2011    0.0    4.2    29.5    6.5
03/12/2011    0.0    2.9    29.0    2.5
04/12/2011    0.0    2.8    28.0    6.5
05/12/2011    0.0    2.9    28.5    6.5
06/12/2011    0.0    3.2    27.5    7.0
07/12/2011    0.0    3.1    29.5    7.5
08/12/2011    0.0    2.4    27.0    8.5
09/12/2011    0.0    3.0    27.5    7.5
10/12/2011    0.0    3.0    27.5    7.0
11/12/2011    0.0    2.5    27.0    7.5
12/12/2011    0.0    3.5    28.0    9.0
13/12/2011    0.0    3.6    28.5    9.0
14/12/2011    0.0    4.4    28.5    7.5
15/12/2011    0.0    2.4    28.0    7.5
16/12/2011    0.0    4.1    28.5    8.0
17/12/2011    0.0    3.0    28.0    8.0
18/12/2011    0.0    2.2    28.0    9.5
19/12/2011    0.0    3.8    28.0    9.0
20/12/2011    0.0    3.4    26.5    7.0
21/12/2011    0.0    2.9    27.0    7.0
22/12/2011    0.0    1.9    26.5    6.5
23/12/2011    0.0    4.0    28.5    7.0
24/12/2011    0.0    3.1    29.0    8.5
25/12/2011    0.0    2.8    29.0    7.0
26/12/2011    0.0    2.1    27.0    8.0
27/12/2011    0.0    3.8    29.0    8.0
28/12/2011    0.0    3.1    29.0    9.5
29/12/2011    0.0    4.5    30.0    8.5
30/12/2011    0.0    4.0    28.5    8.5
31/12/2011    0.0    2.9    29.5    10.0
--------------------------------------
