CNA-SMN-CG-GMC-SMAA-CLIMATOLOGÍA
BASE DE DATOS CLIMATOLÓGICA
DATOS DISPONIBLES EN LA BASE DE DATOS A JULIO 2019
 
ESTACIÓN  : 14032
NOMBRE    : COLOTLAN (OBS)
ESTADO    : JALISCO
MUNICIPIO : COLOTLAN
SITUACIÓN : OPERANDO
ORGANISMO : CONAGUA-SMN
CVE-OMM   :  76519 
LATITUD   : 0022.107°
LONGITUD  : -103.268°
ALTITUD   : 1,675 msnm
 
EMISIÓN   : 14/08/2019 
 
           PRECIP  EVAP   TMAX   TMIN
  FECHA      mm     mm     °C     °C 
01/01/2008  0      3.3    28.2  -0.5 
02/01/2008  0      5.9    21.6  -1.4 
03/01/2008  0      4.3    23     2.9 
04/01/2008  0      3.7    27.1   2.4 
05/01/2008  0      3.2    27.6   1.7 
06/01/2008  0      4      26.8   2.7 
07/01/2008  0      4.2    26.4   2.7 
08/01/2008  0      3.7    26.2   1.2 
09/01/2008  0      3.7    27.1   1.6 
10/01/2008  0      3.7    25.8   1.5 
11/01/2008  0      3.8    25.7   2.7 
12/01/2008  0      3.9    26.7  -1.2 
13/01/2008  0      4      25.3  -0.8 
14/01/2008  0      3.8    25.1   4.9 
15/01/2008  0      4.8    24.8   6.5 
16/01/2008  0      3.9    24.9   5.4 
17/01/2008  0      3.6    25     0.4 
18/01/2008  0      3.4    22.7   0.2 
19/01/2008  0      3.5    25.1   0.8 
20/01/2008  0      3.5    24.4   3 
21/01/2008  0      3.6    25.9   0.2 
22/01/2008  0      3.8    26.4   3.7 
23/01/2008  0      4.5    29.8   5.9 
24/01/2008  0      4.5    29     7.2 
25/01/2008  0      3.9    29     4.8 
26/01/2008  0      4.6    29.4   7.3 
27/01/2008  0      5.3    30.2   9.8 
28/01/2008  0      4.5    27.9   6 
29/01/2008  0      3.8    26     4.6 
30/01/2008  0      4.5    26.1   3.2 
31/01/2008  0      6.1    26.5   1.9 
01/02/2008  0      4.2    24.9   2 
02/02/2008  0      4.1    24.2   4.1 
03/02/2008  0      4      25     5.3 
04/02/2008  0      4.1    27     2.1 
05/02/2008  0      4.7    25.5   1.2 
06/02/2008  0      4.3    26.4   1.4 
07/02/2008  0      4.1    27     1.9 
08/02/2008  0      4.1    27     4.3 
09/02/2008  0      3.1    28.4   3.2 
10/02/2008  0.2    3.6    27     7.2 
11/02/2008  0.2    4.1    25.7   7.2 
12/02/2008  0      3.8    26.1   5.6 
13/02/2008  0      3.8    26.7   5 
14/02/2008  0      3.8    26.2   1.9 
15/02/2008  0      5.2    28.2   1.7 
16/02/2008  0      6.3    28.3   1.7 
17/02/2008  0      5.7    28.7   1.7 
18/02/2008  0      5.2    29.4   3.2 
19/02/2008  0      5.7    28.7   3.3 
20/02/2008  0      5.2    28.1   2.1 
21/02/2008  0      5.4    27     2.7 
22/02/2008  0      5.6    29.7   1 
23/02/2008  0      4.9    32.7   0.7 
24/02/2008  0      6.4    34     2.7 
25/02/2008  0      6.3    33.8   2.9 
26/02/2008  0      7.7    32.3   2.8 
27/02/2008  0      6.7    28     9.2 
28/02/2008  0      4.1    27.5   8.7 
29/02/2008  0      5.4    29     5 
01/03/2008  0      5.3    30     5.1 
02/03/2008  0      6.3    27.7   6.3 
03/03/2008  0      7.3    28     3.7 
04/03/2008  0      6.5    28     6.1 
05/03/2008  0      6.8    28     1 
06/03/2008  0      7.2    24.9   2 
07/03/2008  0      6.3    28    -0.7 
08/03/2008  0      5.2    26.5   1.4 
09/03/2008  0      6      25.4   2.7 
10/03/2008  0      5.8    28     1.7 
11/03/2008  0      6      28.8   6.7 
12/03/2008  0      7.4    30.1   5.9 
13/03/2008  0      6.8    28.6   5.1 
14/03/2008  0      6.2    31.1   3.2 
15/03/2008  0      6.7    33.2   4.4 
16/03/2008  0      7.4    31     6.6 
17/03/2008  0      7.8    27.6   5.6 
18/03/2008  0      9.6    25.7   11.2 
19/03/2008  0      8.6    26.9   6.3 
20/03/2008  0      6.2    29.6   8.4 
21/03/2008  0      6.5    32.2   3.9 
22/03/2008  0      6.3    31.5   5.9 
23/03/2008  0      6.9    31.3   7.9 
24/03/2008  0      6.1    30.8   10.9 
25/03/2008  0      6.2    32.3   11.2 
26/03/2008  0      6.1    32.2   9.2 
27/03/2008  0      7.2    31.5   8.2 
28/03/2008  0      6.8    32.2   5.1 
29/03/2008  0      7      33     4.8 
30/03/2008  0      8.2    33.1   5.4 
31/03/2008  0      7.8    34.2   5.1 
01/04/2008  0      9.4    36.1   5.7 
02/04/2008  0      8      36.3   8.3 
03/04/2008  0      9.3    34.8   7.8 
04/04/2008  0      8.8    33     6.4 
05/04/2008  0      8.5    32.3   3.8 
06/04/2008  0      8.2    31.6   30 
07/04/2008  0      7.1    34     2.7 
08/04/2008  0      8.1    34     4 
09/04/2008  0      8.8    32.3   6.2 
10/04/2008  0      8.2    32.4   2 
11/04/2008  0      8.1    31.9   1.8 
12/04/2008  0      7.9    34.8   2.6 
13/04/2008  0      5.1    31.6   3 
14/04/2008  4.5    5.8    30.9   3.3 
15/04/2008  0      6.8    31.7   11.7 
16/04/2008  0      6.2    31.6   9.3 
17/04/2008  0      7.7    32.8   6.7 
18/04/2008  0      8.3    34     3 
19/04/2008  0      7.4    35.3   5.6 
20/04/2008  0      8.1    34.4   8.7 
21/04/2008  0      8      36     7.6 
22/04/2008  0      8.1    35.2   5.7 
23/04/2008  0      8.1    35.9   9 
24/04/2008  0      8.3    34.7   9.2 
25/04/2008  0      8.5    34.5   8.2 
26/04/2008  0      9      34.7   8.4 
27/04/2008  0      9      33.4   8.1 
28/04/2008  0      9.3    33.7   12.3 
29/04/2008  0      9.8    33.5   11.7 
30/04/2008  0      9.9    33.7   8.9 
01/05/2008  0      10.5   33.6   6.8 
02/05/2008  0      7.6    33     5.6 
03/05/2008  0      8      34.3   7.1 
04/05/2008  0      8.9    35.4   6.2 
05/05/2008  0      6      34.7   11.6 
06/05/2008  0      7.8    34.8   10.6 
07/05/2008  0      6.5    34.8   13.2 
08/05/2008  0      7.4    35.7   8.8 
09/05/2008  0      7.5    35.9   8.8 
10/05/2008  0      8.3    37.2   10.4 
11/05/2008  0      8.2    38.7   11.9 
12/05/2008  0      8.2    37     17.2 
13/05/2008  0      8.2    35     16.7 
14/05/2008  0      7.8    35.3   13.8 
15/05/2008  0      6.2    29.4   17 
16/05/2008  0      4.8    32     11.4 
17/05/2008  0      8.2    32     11.4 
18/05/2008  0      8.6    32.2   12.7 
19/05/2008  0      4.6    30.5   14.8 
20/05/2008  1.7    6.9    30.2   10.9 
21/05/2008  0      8.2    31.7   10.4 
22/05/2008  0      8.2    30.3   10.2 
23/05/2008  0      7.4    31.7   8.2 
24/05/2008  0      7.3    33.1   8.2 
25/05/2008  0      8.3    34.5   15.4 
26/05/2008  0      9.9    35.9   17.8 
27/05/2008  0      8.3    36.5   14.2 
28/05/2008  0      8.4    35.9   18.1 
29/05/2008  0      8.4    36     16.7 
30/05/2008  0      8.3    36.2   15.4 
31/05/2008  0      8.8    37.2   14.5 
01/06/2008  0      8.4    37.5   16.7 
02/06/2008  0      9.5    37.5   16.8 
03/06/2008  0      13.1   37.8   17.9 
04/06/2008  0      9.4    37.9   11.8 
05/06/2008  0      7.3    36.8   15.4 
06/06/2008  0.3    7.4    37.4   16 
07/06/2008  0      6.8    30.9   16.2 
08/06/2008  0      3.5    34     16.4 
09/06/2008  9.7    5.8    29.2   16 
10/06/2008  40.6   2.3    29.2   15.7 
11/06/2008  10.5   1.8    24.7   16.3 
12/06/2008  1.5    6.4    30.7   17.2 
13/06/2008  23.3   5.7    31.8   15.8 
14/06/2008  0.5    5.4    32.4   16.8 
15/06/2008  0      5.1    33     16.5 
16/06/2008  0      4.8    32.4   15.8 
17/06/2008  0      8.6    32.6   16.5 
18/06/2008  18.8   6.5    33.8   14.9 
19/06/2008  0.4    6.1    34.7   15.2 
20/06/2008  0      4.2    34.7   17.2 
21/06/2008  1.4    5.7    31.4   15.4 
22/06/2008  7.9    6.6    30.7   16.4 
23/06/2008  0      5.1    31.1   16.4 
24/06/2008  0      6.1    32.8   17.3 
25/06/2008  4      6.5    33     16.3 
26/06/2008  0      6.2    34.4   16 
27/06/2008  0      5.3    31.5   17 
28/06/2008  4.4    6      34.5   16.2 
29/06/2008  0      7.7    32.1   15.4 
30/06/2008  0      4      29     16.2 
01/07/2008  16.9   3.4    29     16 
02/07/2008  9      7.3    29.3   15.7 
03/07/2008  31.6   5.2    25     15.7 
04/07/2008  43.7   3.7    26.7   16.2 
05/07/2008  0.8    3.9    28.4   17.2 
06/07/2008  10.5   2.6    27.4   15.7 
07/07/2008  0.1    3.3    27.4   17.5 
08/07/2008  20.5   3.3    26.1   17 
09/07/2008  17.9   2.1    26.2   17 
10/07/2008  0      3      27.2   17 
11/07/2008  0      2.5    26.8   17.1 
12/07/2008  1.8    6.7    28.1   15.8 
13/07/2008  9.6    5.8    27.9   15.5 
14/07/2008  0      5.2    30.2   14.3 
15/07/2008  6.3    5.6    30.4   13.7 
16/07/2008  0      6.1    32     14.6 
17/07/2008  0      5.6    30.9   15.6 
18/07/2008  23.8   5.1    28     14 
19/07/2008  15.2   5.6    27.8   14.2 
20/07/2008  0      5.6    28.4   12.4 
21/07/2008  0      6      29.6   13.1 
22/07/2008  0      5.6    30.4   12.8 
23/07/2008  0      6.4    31.4   12.4 
24/07/2008  4.3    5.8    29.6   14.6 
25/07/2008  19.7   3.1    27.9   14 
26/07/2008  0.2    6.5    28.4   15.5 
27/07/2008  0      7      29.7   15.2 
28/07/2008  6.9    7.4    29.6   16 
29/07/2008  0      7      30.1   14.1 
30/07/2008  23.7   6.1    31     13.7 
31/07/2008  0      6.1    30.1   15 
01/08/2008  0      4.4    30.4   15.2 
02/08/2008  0      1      29.4   13.3 
03/08/2008  27.4   4.5    29.8   10.9 
04/08/2008  0      4.3    29.8   12.1 
05/08/2008  0      5.2    31.7   13.8 
06/08/2008  0      6.3    30.2   13.8 
07/08/2008  13.3   6.2    27.9   15.4 
08/08/2008  32.1   5.8    28     13.4 
09/08/2008  36.7   5.3    30.3   12.3 
10/08/2008  3.7    4.1    30.2   13.6 
11/08/2008  0      3.5    30.2   13.1 
12/08/2008  4      5.8    29.8   13.3 
13/08/2008  4.1    9      30.6   14.3 
14/08/2008  36.9   4.2    30.6   15 
15/08/2008  3.1    4.9    28.2   15 
16/08/2008  0      4.8    30     15.3 
17/08/2008  0      3      28.3   15.2 
18/08/2008  0.4    2.6    28.8   13.6 
19/08/2008  10.9   3.2    27.8   13.1 
20/08/2008  7.1    2.4    27.7   16.4 
21/08/2008  17.7   3.1    26.7   16 
22/08/2008  8.4    4.1    27.4   16.2 
23/08/2008  8.2    4.7    28.2   16 
24/08/2008  0      4.4    28.7   13.2 
25/08/2008  1.3    4.4    26.8   15.7 
26/08/2008  35.6   1.8    25.7   15.6 
27/08/2008  0.2    2.2    27.7   16 
28/08/2008  7      1.8    23.7   16.7 
29/08/2008  15.6   3.4    27.8   15.9 
30/08/2008  0      3.4    27.8   15.3 
31/08/2008  0      4      29.1   15.3 
01/09/2008  0      6.9    30.3   15.4 
02/09/2008  19     4.3    31.3   14.5 
03/09/2008  6.2    4.8    29.8   16.1 
04/09/2008  9.4    3.5    30     14 
05/09/2008  0      4.2    29.7   15.2 
06/09/2008  0      4.5    29.4   14.5 
07/09/2008  0      4.1    30.2   14.6 
08/09/2008  3.1    6.3    27.7   15 
09/09/2008  44.5   4.7    27.5   15 
10/09/2008  13.7   3.5    28.5   17.3 
11/09/2008  0.4    3.3    28     15.5 
12/09/2008  0      6.3    29.4   13.5 
13/09/2008  0      3.8    29     15 
14/09/2008  26.7   3.4    27.2   14 
15/09/2008  0      2.4    24.1   13.8 
16/09/2008  0      3      25.2   14.5 
17/09/2008  0      2.1    28.1   14.8 
18/09/2008  4.6    5.2    28.1   14.7 
19/09/2008  38.9   3.2    28     15 
20/09/2008  1.9    4.3    28.7   13 
21/09/2008  0      4.1    27.4   14.1 
22/09/2008  0      2.8    25.8   13.6 
23/09/2008  0      3.5    28.5   14.3 
24/09/2008  0      2.5    27.3   14.8 
25/09/2008  4.4    2.7    23.7   15.7 
26/09/2008  0      2.7    23.7   15.5 
27/09/2008  0      4.3    28.4   12.5 
28/09/2008  0      4.6    28.1   10.6 
29/09/2008  0      5.8    28.7   10.8 
30/09/2008  0      5.2    27.2   12 
01/10/2008  0      5.3    28     9.7 
02/10/2008  0      4.8    32     8 
03/10/2008  0      4      28.1   8 
04/10/2008  0      4      28.4   8.1 
05/10/2008  0      4.1    29.1   7.6 
06/10/2008  0      3.6    29.7   7.7 
07/10/2008  0      4      30.5   13.2 
08/10/2008  0      3      26.2   14.3 
09/10/2008  0      3.1    28.8   13 
10/10/2008  0      3.2    29.6   13 
11/10/2008  0      2.4    30.7   13.4 
12/10/2008  4      2.1    27.7   13.3 
13/10/2008  0.4    2.9    30.7   13.7 
14/10/2008  2.6    4      28.6   12.7 
15/10/2008  0      3.6    28.5   11.2 
16/10/2008  2.5    4.6    28.8   12.6 
17/10/2008  0      4      28.3   14 
18/10/2008  0.6    4.2    28     13.3 
19/10/2008  0      4.2    29     12 
20/10/2008  0      4.3    30     11.4 
21/10/2008  0      4.2    30.2   11.7 
22/10/2008  0      4.1    30.2   9.4 
23/10/2008  0      4.2    30     10.4 
24/10/2008  0      4.2    26.6   9.7 
25/10/2008  0      4.2    22     14.6 
26/10/2008  0      4.2    30.9   11.6 
27/10/2008  0      4.3    27.2   10.9 
28/10/2008  0      2.2    20.7   12.4 
29/10/2008  0      4      24.7   9.2 
30/10/2008  0      4.1    29     7.6 
31/10/2008  0      4.1    29.1   12.1 
01/11/2008  0      4.1    29     9 
02/11/2008  0      4      27.9   6.4 
03/11/2008  0      4      28.3   4.6 
04/11/2008  0      4      28.3   4.6 
05/11/2008  0      3.9    27.8   5.9 
06/11/2008  0      3.8    27     6.3 
07/11/2008  0      3.8    28.2   6.4 
08/11/2008  0      3.7    28.9   8 
09/11/2008  0      3.7    28.3   6.4 
10/11/2008  0      3.7    25.3   5.7 
11/11/2008  0      3.8    27     6.2 
12/11/2008  0      5.2    27.5   4 
13/11/2008  0      5.2    27.3   2 
14/11/2008  0      5.2    28.9   1.7 
15/11/2008  0      5.1    28.8   3.2 
16/11/2008  0      5.5    27     9 
17/11/2008  0      5.8    26.8   5 
18/11/2008  0      6.4    27     7.4 
19/11/2008  0      3.8    25.7   2.8 
20/11/2008  0      4.9    28.5   1.2 
21/11/2008  0      4.2    25.3   9 
22/11/2008  0      3.6    25.6   7.2 
23/11/2008  0      3      26.1   5.5 
24/11/2008  0      5.8    28.7   4.7 
25/11/2008  0      3.7    26.8   9 
26/11/2008  0      3.2    28     5.8 
27/11/2008  0      3.8    28     6 
28/11/2008  0      3.9    27.5   4.1 
29/11/2008  0      3.7    23.5   3.6 
30/11/2008  0      3.1    24.2   1.5 
01/12/2008  0      4.3    26.2  -1.5 
02/12/2008  0      3.2    26.1   2.5 
03/12/2008  0      2.7    23.7   0.8 
04/12/2008  0      3      25.4   2.7 
05/12/2008  3      2.7    3.2   -3.7 
06/12/2008  0      3.1    27.9   2.8 
07/12/2008  0      2.8    27     2.1 
08/12/2008  0      3.3    25.4   3.2 
09/12/2008  0      2.8    24.2   3.7 
10/12/2008  0      4.2    21.5   3.1 
11/12/2008  0      4.3    24.5   1.4 
12/12/2008  0      3.3    27    -1 
13/12/2008  0      3.4    24.6  -0.8 
14/12/2008  0      3.5    28.1  Nulo
15/12/2008  0      3.2    28     0.4 
16/12/2008  0      3.3    28.2  -0.1 
17/12/2008  0      3      28.3   1.4 
18/12/2008  0      2.9    26.5   4.6 
19/12/2008  0      3      29.2   0.6 
20/12/2008  0      2.9    30.1   0.9 
21/12/2008  0      3      30     2 
22/12/2008  0      3      30     2.3 
23/12/2008  0      2.9    23.7   2.1 
24/12/2008  0      3      26.6   2 
25/12/2008  0      2.9    26.4   1.4 
26/12/2008  0      2.9    26     1.8 
27/12/2008  0      2.9    26.1   2 
28/12/2008  0      3      26.2   2.4 
29/12/2008  0      3      26.4   1.7 
30/12/2008  0      2.9    24.9   8 
31/12/2008  0      3.3    28.1   4.4 
01/01/2009  0      3.6    26.9   4.1 
02/01/2009  0      3.7    26.5   3.6 
03/01/2009  0      3.8    27     2.1 
04/01/2009  0      3.7    27.9   0.8 
05/01/2009  0      3.2    25.7   1.8 
06/01/2009  0      5      25.5   5 
07/01/2009  0      3.5    27     3.2 
08/01/2009  0      3.8    29.5   2 
09/01/2009  0      3.2    28.7   1.1 
10/01/2009  0      3.4    29.4   0.6 
11/01/2009  0      3.3    28.7   2 
12/01/2009  0      4.8    26.4   1.2 
13/01/2009  0      4.2    26.3   9 
14/01/2009  0      3.5    26.3   3.2 
15/01/2009  0.2    2.6    25.3   8.3 
16/01/2009  0      3.8    25.8   9.2 
17/01/2009  0      3.7    25.3   7.9 
18/01/2009  0      3.7    26.1   7.7 
19/01/2009  0      2.7    28.1   7.4 
20/01/2009  0      5.2    27     5.8 
21/01/2009  0      4.6    27.8   11.2 
22/01/2009  0      3.9    28.7   7.5 
23/01/2009  0      3.9    28.9   6.3 
24/01/2009  0      4.1    30.1   3.2 
25/01/2009  0      4.3    30.3   4.6 
26/01/2009  0      4.1    29.5   5.3 
27/01/2009  0      4.3    29.5   8.2 
28/01/2009  0      4.4    29.3   3.3 
29/01/2009  0      4.7    28.4   2.7 
30/01/2009  0      4.3    27.8   2.4 
31/01/2009  0      4.4    27.4   7.1 
01/02/2009  0      4.4    26.2   6.4 
02/02/2009  0      5.8    25.6   3 
03/02/2009  0      5.2    26.3   7.3 
04/02/2009  0      5.4    27.2   7.4 
05/02/2009  0      6.2    27.8   7.3 
06/02/2009  0      6.5    30.2   5.7 
07/02/2009  0      4.7    30.5   4.4 
08/02/2009  0      3.3    25.3   3.6 
09/02/2009  0      5      26.1   4.7 
10/02/2009  0      4.8    25.4   2.8 
11/02/2009  0      4.8    29.3  Nulo
12/02/2009  0      4.9    29     5.6 
13/02/2009  0      4.7    27.8   3.9 
14/02/2009  0      4.8    28.3   3.3 
15/02/2009  4.8    3.1    3.9    0.4 
16/02/2009  0      4.9    30.8   3.2 
17/02/2009  0      4.7    30.6   5.3 
18/02/2009  0      5.3    30.4   6.1 
19/02/2009  0      5.9    31.6   6.3 
20/02/2009  0      6      31     10 
21/02/2009  0      6.2    29.3   5 
22/02/2009  0      6.3    29.2   10.1 
23/02/2009  0      7.2    29.1   10.4 
24/02/2009  0      5.3    32.2   7.8 
25/02/2009  0      6.4    33.6   4 
26/02/2009  0      5.7    34     8.5 
27/02/2009  0      5.7    34.6   5.2 
28/02/2009  0      8.2    30.3   6.2 
01/03/2009 Nulo    9.1    30.4   11.1 
02/03/2009 Nulo    8.5    32.9   11.1 
03/03/2009 Nulo    10.2   33.2   7.7 
04/03/2009 Nulo    6.1    33.8   5.4 
05/03/2009 Nulo    6.8    34.4   7.1 
06/03/2009 Nulo    6.5    33.4   10.1 
07/03/2009 Nulo    6.5    31.3   6.5 
08/03/2009 Nulo    6.2    32.1   6 
09/03/2009 Nulo    5      33.4   6.9 
10/03/2009 Nulo    5.6    29.8   5.8 
11/03/2009 Nulo    6.3    30.5   8.9 
12/03/2009 Nulo    6.4    30     6.4 
13/03/2009 Nulo    6.2    30     7 
14/03/2009 Nulo    6.1    28.7   7.7 
15/03/2009 Nulo    5.6    27.8   6.6 
16/03/2009 Nulo    5.3    30.5   5.4 
17/03/2009 Nulo    5.3    31.4   10.4 
18/03/2009 Nulo    6      32.4   10 
19/03/2009 Nulo    7.4    32.4   7.7 
20/03/2009 Nulo    7.2    33.7   9.7 
21/03/2009 Nulo    7      32.6   8.9 
22/03/2009 Nulo    7.1    33.7   9.2 
23/03/2009 Nulo    7.1    33.3   8.9 
24/03/2009 Nulo    8.8    33.4   5.5 
25/03/2009 Nulo    7.3    31.7   5.2 
26/03/2009 Nulo    7.7    28.7   4 
27/03/2009 Nulo    6.7    28.7   5.5 
28/03/2009 Nulo    6.9    30.4   3.4 
29/03/2009 Nulo    6.1    31.1   3.8 
30/03/2009 Nulo    7.6    30.3   5.1 
31/03/2009 Nulo    7.5    31.7   5.7 
01/04/2009  0      8.3    30.7   5.5 
02/04/2009  0      7.2    32     5.3 
03/04/2009  0      7.6    31.5   4.9 
04/04/2009  0      7.6    35.5   6.4 
05/04/2009  0      7.6    37.8   33.8 
06/04/2009  0      7.7    35.3   10 
07/04/2009  0      7.3    32.7   12.4 
08/04/2009  0      7.5    32.8   8 
09/04/2009  0      7.6    32.4   7.3 
10/04/2009  0      7.5    32.8   7 
11/04/2009  0      7.5    35.2   6.8 
12/04/2009  0      7.6    33     7.2 
13/04/2009  0      9.3    32.9   7.5 
14/04/2009  0      10.5   31.8   3.7 
15/04/2009  0      9      30.7   4.7 
16/04/2009  0      7.7    31     5.1 
17/04/2009  0      4.7    31.3   6.4 
18/04/2009  0      8.5    30.6   10.5 
19/04/2009  0      8      33.3   8.9 
20/04/2009  0      7.7    32.7   6.3 
21/04/2009  0      8.2    32.4   10.7 
22/04/2009  0      8.2    33.8   11.3 
23/04/2009  0      8.4    32.8   6.9 
24/04/2009  0      8.1    35.2   2.5 
25/04/2009  0      8.2    35     7.4 
26/04/2009  0      8.3    34     6.8 
27/04/2009  0      8.6    35.2   7.8 
28/04/2009  0      8.1    36.2   8.8 
29/04/2009  0      7.4    35.7   10.1 
30/04/2009  0      8.3    36.7   10.4 
01/05/2009  0      10.3   36.5   12.3 
02/05/2009  0      9.4    32.9   9.8 
03/05/2009  0      8.4    36.6   8.4 
04/05/2009  0      8.1    37     12.1 
05/05/2009  0      9.1    36.8   10.4 
06/05/2009  0      8.9    37.7   10.5 
07/05/2009  0      8.7    39     13.6 
08/05/2009  0      7.5    38.2   16.9 
09/05/2009  3      5.5    36.8   15 
10/05/2009  0.2    7      36.7   16.6 
11/05/2009  0      5.4    27.7   15.7 
12/05/2009  0      8      35.2   16.7 
13/05/2009  25.7   5.9    33.2   14.4 
14/05/2009  22.2   6.8    33.3   15.1 
15/05/2009  0      5.9    32.7   16.4 
16/05/2009  9.1    5.8    32.8   13.6 
17/05/2009  0      5.1    32.6   14.1 
18/05/2009  0      3.4    28     15.6 
19/05/2009  5.7    5.7    31.8   15.6 
20/05/2009  6.2    2.4    25.9   14.9 
21/05/2009  3.5    5.8    29     12.7 
22/05/2009  0     Nulo    30.5   10.2 
23/05/2009  0      6.8    31.8   10.2 
24/05/2009  0      7.2    32.4   8.6 
25/05/2009  0      7.2    32.5   7.4 
26/05/2009  0      7.7    32.9   10.4 
27/05/2009  0      7.8    33.3   10.8 
28/05/2009  0      7.4    33     11.2 
29/05/2009  0      9.3    34     13.2 
30/05/2009  0      7.9    33.3   15.6 
31/05/2009  0      7.9    33.3   12.3 
01/06/2009  0      7.8    33.5   11 
02/06/2009  0      7.3    33.7   12.8 
03/06/2009  0      6.5    33     12.3 
04/06/2009  0      5.5    34.7   15.6 
05/06/2009  0      7      34.2   16 
06/06/2009  0      7.2    36.4   14 
07/06/2009  0      8.2    37.1   14.9 
08/06/2009  0      7.1    37.8   15.4 
09/06/2009  0      7.5    37.3   17.7 
10/06/2009  0      6.6    35.8   19 
11/06/2009  0      8.6    37.5   17 
12/06/2009  14.8   6.6    37.7   16 
13/06/2009  0      7.6    37.1   15.7 
14/06/2009  0      7.8    37.4   15.9 
15/06/2009  0      6      35.5   16.2 
16/06/2009  0      6.5    35.4   16.1 
17/06/2009  0      5.7    34.2   17.4 
18/06/2009  0      3.9    29.7   18.5 
19/06/2009  7.5    3.5    29.3   16.7 
20/06/2009  6.5    3.8    31     18.7 
21/06/2009  17.5   4.2    31.1   15.8 
22/06/2009  0      6.7    32     16.6 
23/06/2009  0      4.1    30     17.5 
24/06/2009  0      5.8    32.7   18.2 
25/06/2009  0      4.7    31.4   16 
26/06/2009  0      5.2    29.8   15.9 
27/06/2009  14.3   5.8    30     16.4 
28/06/2009  15.6   5.1    31.7   15.3 
29/06/2009  7.4    3.5    28     25.7 
30/06/2009  8.5    2.3    28.4   16.8 
01/07/2009  0      3.6    29     17.4 
02/07/2009  1      4.6    29.5   17.5 
03/07/2009  0      3.4    28.9   19 
04/07/2009  15.5   7.6    30.6   16.2 
05/07/2009  25.9   3.9    28.7   19.2 
06/07/2009  0      5.8    30.8   14.8 
07/07/2009  3      5.4    31.9   14.3 
08/07/2009  7      6      33     15 
09/07/2009  0      7.9    33     16 
10/07/2009  0      6.7    31.7   15.8 
11/07/2009  0      7.4    31.7   17 
12/07/2009  0      7.4    32.3   16.6 
13/07/2009  0      6.8    31.7   16.5 
14/07/2009  0      6.2    32.9   16.7 
15/07/2009  12.2   5.5    31.4   14.7 
16/07/2009  0.3    5.8    33.8   15.4 
17/07/2009  0.8    5      33.8   16 
18/07/2009  6.3    4.3    33.7   14.7 
19/07/2009  0      4.3    33.7   12.8 
20/07/2009  0.6    6.1    32.1   13.1 
21/07/2009  0      3.4    20.7   14.7 
22/07/2009  2.3    2.8    31.4   13.6 
23/07/2009  3.9    4.9    31.4   13.2 
24/07/2009  4.9    6.4    32     14.8 
25/07/2009  0      7      34.5   15 
26/07/2009  0      6.2    34.5   15.5 
27/07/2009  0      7      35.1   10.7 
28/07/2009  0      4.8    34.9   16 
29/07/2009  6.5    4.7    29.2   15.3 
30/07/2009  5.4    5.8    32.3   13.2 
31/07/2009  0      5.6    31.8   17.3 
01/08/2009  0      4.8    33.6   14 
02/08/2009  0      4.9    34.2   10.9 
03/08/2009  0      5.5    34.8   13.2 
04/08/2009  0      6.4    34.8   12.2 
05/08/2009  0      7      35.1   11 
06/08/2009  0      8      34.8   9.3 
07/08/2009  0      6.5    32.4   16 
08/08/2009  0.5    5.2    30     14.9 
09/08/2009  5.9    2.9    29.9   13.9 
10/08/2009  24.4   4.6    30.3   13.4 
11/08/2009  0.3    5.9    31.5   16 
12/08/2009  0      6.7    33     13.2 
13/08/2009  0      7.9    32.7   13.9 
14/08/2009  7.4    6.2    33     14.3 
15/08/2009  0      5.3    34.1   13.1 
16/08/2009  0      4.8    34.7   15.2 
17/08/2009  14.4   3.8    30.9   13.7 
18/08/2009  0.2    7.2    31     14 
19/08/2009  5.2    5.4    31     12.5 
20/08/2009  6.1    3.7    29.2   16.6 
21/08/2009  6.5    5.3    30.7   16.7 
22/08/2009  10.9   4.8    30.5   15.7 
23/08/2009  0      4.5    30.5   16.2 
24/08/2009  0      6.2    30.3   12 
25/08/2009  0      6.9    31.6   13.2 
26/08/2009  4.2    5.9    31.7   12.7 
27/08/2009  0      5.7    30.3   13.6 
28/08/2009  0      4.2    31.2   17.4 
29/08/2009  0.6    3.6    31.4   15.8 
30/08/2009  16     4.8    31.5   15.4 
31/08/2009  32.5   4      31.4   16 
01/09/2009  13.3   2.3    31.3   13.3 
02/09/2009  19.8   4.7    31.2   14.4 
03/09/2009  8.5    4.7    31.5   15 
04/09/2009  4.8    3.6    31.4   14.4 
05/09/2009  1      5.9    31.3   13 
06/09/2009  5.9    4.5    29.3   14.5 
07/09/2009  0.1    4.5    29.4   13.4 
08/09/2009  3.8    4.2    28.6   14.3 
09/09/2009  0      5.2    30.3   14.5 
10/09/2009  0.5    6.2    30.2   16.6 
11/09/2009  52.8   10.8   34.1   28.5 
12/09/2009  8.5    3.5    28.5   16.6 
13/09/2009  0      4.9    30.4   14 
14/09/2009  0.3    4.7    28.3   14.7 
15/09/2009  8.3    3.8    28.8   15.4 
16/09/2009  0      3.2    29.2   13.9 
17/09/2009  0      4.8    28.9   14.8 
18/09/2009  0      4.4    30.4   14.5 
19/09/2009  13.5   4.5    27.4   14 
20/09/2009  19     3.8    30.2   14.3 
21/09/2009  0.2    4.5    30.7   15.7 
22/09/2009  4.1    3      30.6   14.5 
23/09/2009  0      4.8    30.8   16.2 
24/09/2009  0      5.7    30.8   15.9 
25/09/2009  0      5.6    29.8   15.2 
26/09/2009  0      4.5    28.1   16 
27/09/2009  0      2.9    28.3   14.9 
28/09/2009  0      3.6    29.2   16.3 
29/09/2009  0      4.2    29.7   14.6 
30/09/2009  0      4.7    30.7   14.2 
01/10/2009  0     Nulo    31.3   13.4 
02/10/2009  5.9    4.2    31.8   16 
03/10/2009  0      4.6    29.8   14.7 
04/10/2009  0      4.8    31.2   10.7 
05/10/2009  0      4.5    32.5   12.1 
06/10/2009  0      4.4    33.4   15 
07/10/2009  0      4.1    33.5   15.2 
08/10/2009  1      0.9    24.6   16.7 
09/10/2009  4.9    1.8    26.9   16.8 
10/10/2009  0.7    3.1    29.1   17 
11/10/2009  0.2    4.7    29.1   14 
12/10/2009  0      3.5    29.1   13.2 
13/10/2009  0      3.9    30.7   15 
14/10/2009  0      4.4    32.1   15.3 
15/10/2009  0      4.9    33.3   13.1 
16/10/2009  0      6.3    32.2   14 
17/10/2009  0      5.4    27.8   15 
18/10/2009  0      4.8    27.8   13.3 
19/10/2009  0      3.5    25.5   12.6 
20/10/2009  0      3.5    28.2   11.1 
21/10/2009  0      4.5    28     15.4 
22/10/2009  0      3.6    28     13.4 
23/10/2009  0      2.4    28     12.1 
24/10/2009  0      5.7    27.7   11.3 
25/10/2009  0      4.9    28.7   12 
26/10/2009  0      4.2    28.5   7.7 
27/10/2009  0      4.7    28     9 
28/10/2009  0      4      26.2   14.7 
29/10/2009  0      4.4    26.4   12.3 
30/10/2009  0      4.8    28.4   7.4 
31/10/2009  0      5.1    29.7   7.3 
01/11/2009  0      4.7    30.4   7.4 
02/11/2009  0      6.1    31.1   6.8 
03/11/2009  0      6      29.5   10.6 
04/11/2009  0      6.2    27.7   9.8 
05/11/2009  0      4.9    25.8   10.4 
06/11/2009  0      4      26.3   6.9 
07/11/2009  0      3.5    26.2   9.7 
08/11/2009  0      3.7    26.6   6 
09/11/2009  0      5.3    28.5   5 
10/11/2009  0      4.4    27.2   12.2 
11/11/2009  0      2.6    24.8   9.4 
12/11/2009  0      3.2    25.7   7.3 
13/11/2009  0      4.8    26.7   4.7 
14/11/2009  0      3.1    26.9   3.7 
15/11/2009  0      3.8    27.2   3.2 
16/11/2009  0      3.6    29.4   3 
17/11/2009  0      3.3    27     11 
18/11/2009  0      3.5    27.7   10.2 
19/11/2009  0      3.8    27.1   7.2 
20/11/2009  0      3.5    27     4 
21/11/2009  0      4.1    25.2   5.3 
22/11/2009  0      3.7    26.7   5.7 
23/11/2009  0      3.8    25.7   5.3 
24/11/2009  0      3.5    27.6   4 
25/11/2009  0      3.6    26.8   4.7 
26/11/2009  0      2.4    24.6   4.4 
27/11/2009  0.2    1.7    24.4   12 
28/11/2009  0.6    3.6    25     9 
29/11/2009  0      3.7    26     8.1 
30/11/2009  0.3    0.5    16.8   8.4 
01/12/2009  19.9   3      19.5   13 
02/12/2009  4.5    2.3    22    -0.4 
03/12/2009  0      3.3    23    -0.3 
04/12/2009  0      3.1    24     1.4 
05/12/2009  0      2.2    23.2   2.2 
06/12/2009  15.8   1.1    20.4   5.8 
07/12/2009  6.9    1.4    22     14 
08/12/2009  0.2    3.3    24.5   13.5 
09/12/2009  0      2.2    25.8   6.4 
10/12/2009  0      3.2    27     5.4 
11/12/2009  0      3.2    28     4.1 
12/12/2009  0      3.3    27     5.4 
13/12/2009  0      4      27.2   4.9 
14/12/2009  0      2.3    27.2   4.3 
15/12/2009  0      1.5    23     4.1 
16/12/2009  0.1    4.6    25.8   11.3 
17/12/2009  0      3.2    25.7   6.6 
18/12/2009  0      3.2    25.5   4 
19/12/2009  0      3.3    24    -0.2 
20/12/2009  0      3.3    24.1   1.8 
21/12/2009  0      2.8    23.4   2.8 
22/12/2009  0      2.6    23.1   0.7 
23/12/2009  0      2.5    20.4   1 
24/12/2009  0      2.4    22.1   4 
25/12/2009  0      2.4    20.4   1 
26/12/2009  0      2.1    20     3.8 
27/12/2009  0      1.9    24.5   1.2 
28/12/2009  0      1.8    24.7   1.4 
29/12/2009  0      1.9    22.2   6.2 
30/12/2009  0      2      24.5   2.9 
31/12/2009  0      2.2    26.3   3.7 
01/01/2013  12     3      13.5   5.8 
02/01/2013  5.7    4      13.2   5.5 
03/01/2013  0      4.1    21.4   2.9 
04/01/2013  0      4      22.4   2.8 
05/01/2013  0      3.7    22.6   3.9 
06/01/2013  0      3.2    24.1   4.1 
07/01/2013  0      3.4    23     1.8 
08/01/2013  0.8    3      17.5   8 
09/01/2013  6.7    2.2    21.8   8.7 
10/01/2013  0      4.1    24     3.1 
11/01/2013  0      3.3    24.5   3.2 
12/01/2013  0      3.4    23.8   4.3 
13/01/2013  0      3.2    23.5   4.9 
14/01/2013  0      3.2    24.5   3 
15/01/2013  0      3.1    23.3   3 
16/01/2013  0      4.4    19.5   3.8 
17/01/2013  0      2.5    17.2   4 
18/01/2013  0      3.2    20.5   4.1 
19/01/2013  0      5.5    24.2   3.8 
20/01/2013  0      4.6    23.2   3 
21/01/2013  0      3.4    25.4   8.2 
22/01/2013  0      4.5    25     8.2 
23/01/2013  0      4.6    24.4   8.8 
24/01/2013  0      4.4    26     7 
25/01/2013  0      4.8    27     5 
26/01/2013  0      4.1    27     3 
27/01/2013  0      4.4    26.4   3.8 
28/01/2013  0      4.1    25.5   4 
29/01/2013  0      4.7    22     4.3 
30/01/2013  0      4.9    26.5   1.7 
31/01/2013  0      4.5    25.6   2.5 
01/02/2013  0      3.6    29.4   6 
02/02/2013  0      5.1    36     4 
03/02/2013  0      5.4    31.9   4.1 
04/02/2013  0      5.7    30.6   4.7 
05/02/2013  0      5.5    27     3.6 
06/02/2013  0      5.2    27.3   4.8 
07/02/2013  0      5.4    28.4   3.7 
08/02/2013  0      5.5    28.9   4 
09/02/2013  0      4.7    26.2   4.7 
10/02/2013  0      8      25.3   2.6 
11/02/2013  0      6.3    26.2   3.2 
12/02/2013  0      5.9    26.9   4.8 
13/02/2013  0      6.4    25.7   4.6 
14/02/2013  0      6.9    25.2   3.3 
15/02/2013  0      6.8    26     0.8 
16/02/2013  0      5      25     3.3 
17/02/2013  0      5.1    26     5 
18/02/2013  0      6.5    28     2.8 
19/02/2013  0      6.2    29.8   3.2 
20/02/2013  0      5.8    27.6   6.2 
21/02/2013  0      6.6    26.2   4.1 
22/02/2013  0      6.5    26     5 
23/02/2013  0      7.4    26.2   3.8 
24/02/2013  0      5.3    25     3 
25/02/2013  0      6.1    25     3 
26/02/2013  0      6      26.2   5 
27/02/2013  0      6.6    27.6   2.8 
28/02/2013  0      5.5    29.1   4.2 
01/03/2013  0      8      21.8   8.7 
02/03/2013  0      9.4    23.2   3.4 
03/03/2013  0      7.6    25.8   0.4 
04/03/2013  0      7.5    28    -0.8 
05/03/2013  0      4.8    29     0.9 
06/03/2013  0      5.9    27.8   5.6 
07/03/2013  0      6.2    29.2   5.8 
08/03/2013  0      6.5    26.8   8.1 
09/03/2013  0      6.1    27.9   9.4 
10/03/2013  0      8.8    27.4   2.7 
11/03/2013  0      7.8    27.2   3.1 
12/03/2013  0      8.8    26.4   6.3 
13/03/2013  0      7.5    25.9   9.3 
14/03/2013  0      6      25.7   11 
15/03/2013  0      5.5    24.2   11.5 
16/03/2013  0      5.9    25.3   7.6 
17/03/2013  0      4.7    28     3.7 
18/03/2013  0      6.4    28.5   3.7 
19/03/2013  0      6.8    31.6   4.8 
20/03/2013  0      10.1   33.6   4.8 
21/03/2013  0      8.2    31.2   6.9 
22/03/2013  0      9.3    29.6   3.8 
23/03/2013  0      9.1    28.6   3.7 
24/03/2013  0      7.9    30.3   2.8 
25/03/2013  0      8.8    29.4   3.1 
26/03/2013  0      8.5    29.3   8.6 
27/03/2013  0      7.3    29.9   5.9 
28/03/2013  0      7.8    30.8   6 
29/03/2013  0      7.9    30.7   4.9 
30/03/2013  0      7.9    32     6.9 
31/03/2013  0      8.1    31.8   7.6 
01/04/2013  0      8.1    32     9 
02/04/2013  0      8      30.2   6.2 
03/04/2013  0      8.1    30     4.8 
04/04/2013  0      8.2    32     6.6 
05/04/2013  0      8.3    32.4   10 
06/04/2013  0      8.3    31.9   8 
07/04/2013  0      8.5    30.5   7 
08/04/2013  0      8.6    30.5   6.3 
09/04/2013  0      8.8    29     6.7 
10/04/2013  0      7.3    27.4   7.1 
11/04/2013  0      8.5    28.4   6 
12/04/2013  0      8.2    30.5   6.2 
13/04/2013  0      9.1    29     3.8 
14/04/2013  0      8.8    30     3 
15/04/2013  0      8.1    32     6.3 
16/04/2013  0      8.2    33.5   9.8 
17/04/2013  0      9.6    33.8   6.8 
18/04/2013  0      9.3    33.8   9.1 
19/04/2013  0      8.9    30.5   8 
20/04/2013  0      9.3    32.5   10 
21/04/2013  0      9.8    32     5 
22/04/2013  0      6.2    33.2   7 
23/04/2013  0      8.9    31     8 
24/04/2013  0      9.2    32.4   6 
25/04/2013  0      9.2    33.3   8 
26/04/2013  0      9.1    34.1   11.4 
27/04/2013  0      8.1    32.2   12.8 
28/04/2013  0      8.6    32.6   8.5 
29/04/2013  0      8.5    31     7.2 
30/04/2013  0      8.6    31     2.8 
01/05/2013  0      9.2    33     3.4 
02/05/2013  0      8.2    35     7.2 
03/05/2013  0      8.8    33     14.5 
04/05/2013  0      8      30.8   11 
05/05/2013  0      9.9    31.8   8 
06/05/2013  0      7.8    33     8 
07/05/2013  0      9      34     9.2 
08/05/2013  0      8      34.1   8.2 
09/05/2013  0      8.9    35.6   9 
10/05/2013  0      9.3    33.1   11 
11/05/2013  0      9.4    32.3   11.1 
12/05/2013  0      9.4    32.4   11.8 
13/05/2013  0      9.8    29.3   16.3 
14/05/2013  0      9.1    29     15 
15/05/2013  3.6    2.9    31.2   14 
16/05/2013  0      8.1    33     11 
17/05/2013  0      7.4    34.2   12 
18/05/2013  0      9.4    35.8   16.2 
19/05/2013  0      9.4    35.8   14.3 
20/05/2013  0      9.7    35.2   12.3 
21/05/2013  0      10.2   34.3   11.2 
22/05/2013  0      9.5    36.2   11.2 
23/05/2013  0      8.9    36     13.5 
24/05/2013  0      12.1   36     14.8 
25/05/2013  0      10.3   35     18.3 
26/05/2013  3      9.1    33.2   16 
27/05/2013  0      7.1    35.2   15.8 
28/05/2013  0.3    8.5    34.9   17.8 
29/05/2013  0      8.3    34.9   13.9 
30/05/2013  0      9.7    36     13 
31/05/2013  0.4    9.6    35.9   12.9 
01/06/2013  0      9.8    38.2   12.9 
02/06/2013  0      6.8    37.1   16.7 
03/06/2013  0      11.3   35.3   18.2 
04/06/2013  0      9.4    37.6   17.2 
05/06/2013  0      8.6    37.8   17.3 
06/06/2013  0      9.5    37.4   16.2 
07/06/2013  1.4    9.8    33.8   17 
08/06/2013  0      5.2    33.8   14.6 
09/06/2013  1.2    8.8    34.5   13 
10/06/2013  0.2    7.7    31.2   14.7 
11/06/2013  0      5.5    30     16 
12/06/2013  0.4    6.2    31.5   14.6 
13/06/2013  0      8.8    33     16.2 
14/06/2013  0      9.1    35.2   15.3 
15/06/2013  3.2    9      33     18.8 
16/06/2013  0      7.8    32.5   17.1 
17/06/2013  4.9    5.7    34.6   18 
18/06/2013  0      6.4    36     13.5 
19/06/2013  0      7.8    35.9   16.8 
20/06/2013  0      8.7    35     18 
21/06/2013  0      10.5   31.2   18.2 
22/06/2013  5.8    6.2    31.8   17.4 
23/06/2013  0      5.8    33     15.8 
24/06/2013  28.7   5.7    30.2   16 
25/06/2013  1.4    4.7    28     15.6 
26/06/2013  1.2    4      28.8   15.8 
27/06/2013  6.4    4.6    31     16.2 
28/06/2013  0      4.3    29     13.6 
29/06/2013  0      5.8    33.5   12.9 
30/06/2013  0      6.6    33     14.4 
01/07/2013  7.4    7.2    32.8   15.4 
02/07/2013  0      4.6    28.6   16.2 
03/07/2013  5.7    4.8    28     16.8 
04/07/2013  4.1    4.7    27     15.2 
05/07/2013  0      3.2    27     15.8 
06/07/2013  10     4      26     16.7 
07/07/2013  36.7   3.7    23.8   16.7 
08/07/2013  31.2   4.6    26.2   14.8 
09/07/2013  0      6.3    25     15 
10/07/2013  0.6    3      22.8   15.8 
11/07/2013  9.7    2.7    26     14.2 
12/07/2013  8.3    3.6    27.4   14.2 
13/07/2013  5.1    3.5    28.7   14 
14/07/2013  0      4.3    29.2   13.8 
15/07/2013  19.1   5.3    29.5   13.8 
16/07/2013  5.7    6.6    24.2   14.3 
17/07/2013  23     3.7    27.5   14.8 
18/07/2013  7.3    4.5    26.3   15.8 
19/07/2013  15.1   8.3    27.2   15.8 
20/07/2013  66.8   2.8    27     16 
21/07/2013  13.7   2.9    25     15.2 
22/07/2013  48.7   3.4    26     16 
23/07/2013  0      7.6    26.4   16 
24/07/2013  0      4.2    30.4   13.8 
25/07/2013  4.5    5.9    27.6   15.8 
26/07/2013  0      4.5    32.2   14 
27/07/2013  1.2    6.9    31.2   14.5 
28/07/2013  0      4.3    30.2   13.8 
29/07/2013  9.5    4.5    30.5   13.8 
30/07/2013  0      6.2    30.9   15 
31/07/2013  0      7.4    31.5   11.4 
01/08/2013  0      7      30.8   15 
02/08/2013  0.2    5.8    32     13 
03/08/2013  0.1    7.3    31     14.8 
04/08/2013  1.9    7.3    30     16.2 
05/08/2013  0      5.8    31.2   14.7 
06/08/2013  0      6.1    32     14.4 
07/08/2013  0      6      33     14.8 
08/08/2013  4.7    6      31.5   15.7 
09/08/2013  0      5.1    31.2   14 
10/08/2013  0      4.8    32     15.2 
11/08/2013  12.9   6.5    23.6   16.8 
12/08/2013  16.5   4.3    27.4   16 
13/08/2013  0      5.8    29.4   14 
14/08/2013  0      6.1    30.8   13 
15/08/2013  0      5.4    31.4   14 
16/08/2013  0      6.3    31.2   15.2 
17/08/2013  0      8.2    31.8   15 
18/08/2013  0      8.3    32     16.1 
19/08/2013  0      7.4    31.8   13.8 
20/08/2013  0      7.7    30.2   13.6 
21/08/2013  4.7    7.2    27.2   15.4 
22/08/2013  32.9   3.3    27.2   16.2 
23/08/2013  19.7   6.3    24.4   15 
24/08/2013  33.4   7.5    28.6   15.2 
25/08/2013  0.6    8      28.6   14.2 
26/08/2013  0.9    5.6    26     14.2 
27/08/2013  15.5   2.6    25.7   16 
28/08/2013  2.2    3.2    25     16.4 
29/08/2013  0      6      27.5   13.7 
30/08/2013  0      5.6    28.1   12.8 
31/08/2013  0      0.6    28     12.8 
01/09/2013  16     3.9    28.8   15.8 
02/09/2013  0      6.2    29.8   13.8 
03/09/2013  7.1    5.8    27.4   14.2 
04/09/2013  7.1    4.9    27.1   14 
05/09/2013  0      5.1    24.2   15.7 
06/09/2013  6.1    4.1    27.2   13.7 
07/09/2013  10.7   6.4    25     17 
08/09/2013  0      3.3    24     15.6 
09/09/2013  21.7   3.3    25.3   16 
10/09/2013  16.4   7.1    28.2   13.8 
11/09/2013  4.7    6.2    28     15 
12/09/2013  0      4.9    27.6   13.8 
13/09/2013  1      4.9    27     14.8 
14/09/2013  0      4.4    27     13 
15/09/2013  17.4   4.6    20     13.4 
16/09/2013  9.1    3.2    25.5   14.6 
17/09/2013  37.1   3.2    24.1   15.4 
18/09/2013  19.4   3      28     16.8 
19/09/2013  2.3    3.9    26.2   16 
20/09/2013  2.4    2.6    27.2   16.6 
21/09/2013  0      4.1    28     16.8 
22/09/2013  0      4.1    28     17.6 
23/09/2013  0      4      29     16 
24/09/2013  0      5      30.5   16 
25/09/2013  0      5.5    29.7   15 
26/09/2013  12.4   5.3    32     15.2 
27/09/2013  21.1   5.2    23.2   16.8 
28/09/2013  0      5.2    27.1   13.9 
29/09/2013  0      6.2    30     12.3 
30/09/2013  0.2    6.3    27.7   12.6 
01/10/2013  3.7    6.7    29.1   13.8 
02/10/2013  2.7    3.9    29.7   12.9 
03/10/2013  0      3      30.2   12.2 
04/10/2013  0      3.5    28.4   9.8 
05/10/2013  0      4.1    30     13 
06/10/2013  2.2    5.4    30     12.8 
07/10/2013  0      2.6    28.9   12.8 
08/10/2013  0      4.2    28     14.7 
09/10/2013  0      4.4    29     14 
10/10/2013  0      4.7    29.2   12.5 
11/10/2013  0.9    3.3    26     12 
12/10/2013  1.7    2.2    27.9   14.3 
13/10/2013  0      4      28.7   14.2 
14/10/2013  0      3.8    29.5   14.2 
15/10/2013  0      3.5    30.5   16 
16/10/2013  5.1    5.1    29.7   15.4 
17/10/2013  12.7   3.4    28.3   13.5 
18/10/2013  0.2    2.5    28     13.8 
19/10/2013  0      2.8    28     12 
20/10/2013  0      2.2    28     13.4 
21/10/2013  0      2.9    25     11 
22/10/2013  0.3    5.2    27.9   10.4 
23/10/2013  0.3    2.9    28     11.7 
24/10/2013  0      3      28.2   10 
25/10/2013  0      6.8    27.6   9.3 
26/10/2013  0      3.5    27.8   8.5 
27/10/2013  0      4      29     8.9 
28/10/2013  0      4.3    28.8   9.8 
29/10/2013  0      4.2    28.4   11.3 
30/10/2013  0      4.1    24     11.2 
31/10/2013  0      1.4    25.3   13.4 
01/11/2013  3.8    1.9    29.2   13 
02/11/2013  1.9    2.1    29.5   14.9 
03/11/2013  0      4.3    26.2   13.2 
04/11/2013  0      3.8    24.8   10.4 
05/11/2013  0      3.2    26     10.4 
06/11/2013  17.5   3.8    27.5   11 
07/11/2013  1.1    3.9    25.6   12.8 
08/11/2013  0      3      23     9.7 
09/11/2013  0      3.9    26.5   10 
10/11/2013  0      3.9    27.7   10 
11/11/2013  0      3.2    27.2   10.4 
12/11/2013  0      4.5    25.8   11.4 
13/11/2013  0      4.6    19     13.2 
14/11/2013  0      3.1    21.9   11.6 
15/11/2013  8.4    3.2    24     13 
16/11/2013  10.6   2.1    16.4   13.7 
17/11/2013  0      2.9    24.5   13 
18/11/2013  0      2.5    27     8.8 
19/11/2013  0      2.6    27     8.9 
20/11/2013  0      4.1    25     8 
21/11/2013  0      3.2    25.6   8.3 
22/11/2013  0      2.7    26.2   7.2 
23/11/2013  0      3.5    24.2   8.2 
24/11/2013  0      3.5    25     10 
25/11/2013  0      2      26.4   8.6 
26/11/2013  0      2.7    21.2   6.2 
27/11/2013  0      5.5    21.6   2 
28/11/2013  0      2.9    24.2   2 
29/11/2013  0      2.9    24.2   3.2 
30/11/2013  0      3.2    27     3.4 
01/12/2013  0      3.3    27     4.8 
02/12/2013  0      2.7    26.5   4 
03/12/2013  0      2.8    26.8   4.9 
04/12/2013  0      3.2    25.8   4 
05/12/2013  0      2.9    27     3.4 
06/12/2013  0      5.7    27     3 
07/12/2013  0      2.8    25     2 
08/12/2013  0      4.5    25     2.6 
09/12/2013  0      4.5    25.5   4.1 
10/12/2013  0      3.2    26.8   6 
11/12/2013  0      3.5    26.5   6.8 
12/12/2013  0      3.5    26     7.8 
13/12/2013  0      3.8    24     8.2 
14/12/2013  0      2.6    25.2   5.2 
15/12/2013  0      4.4    25.4   4.8 
16/12/2013  0      2.5    26.4   6.7 
17/12/2013  0      3      27     5 
18/12/2013  0      5.1    26.5   5.5 
19/12/2013  0      3      25.8   2 
20/12/2013  0      4.2    26.2   2.4 
21/12/2013  0      4      21     3.4 
22/12/2013  0      3.8    23     4 
23/12/2013  0      2.9    26.3   4.3 
24/12/2013  1.8    2.5    22     4.8 
25/12/2013  1.7    2.3    22     6.8 
26/12/2013  22.6   2.3    11.4   7.6 
27/12/2013  9.4    0.8    11     8.7 
28/12/2013  8.9    3.3    13     7.2 
29/12/2013  7.6    0.8    15.1   7.6 
30/12/2013  8.1    0.5    15     11 
31/12/2013  9.6    0.6    15.4   8.5 
01/01/2014  9.6    0.8    15.4   10.1 
02/01/2014  2.4    1.9    17.4   6 
03/01/2014  0      2.3    22.3   8.2 
04/01/2014  0      2.4    21.5   3.7 
05/01/2014  0      3      18     2.6 
06/01/2014  0      3.2    20.4   3.4 
07/01/2014  0      2.5    18.7   8.2 
08/01/2014  0      3.7    22     4.5 
09/01/2014  0      2.8    22.5   1 
10/01/2014  0      3.7    23.8  -1 
11/01/2014  0      4.7    23     1 
12/01/2014  0.4    1.4    21.9   5 
13/01/2014  0.1    0.9    18     2.8 
14/01/2014  0      4.1    23     3 
15/01/2014  0      4.2    22.8   5.1 
16/01/2014  0      3.9    22.8   1.5 
17/01/2014  0      3.8    21.5   1.7 
18/01/2014  0      3.9    23.8   0.8 
19/01/2014  0      3.3    22.5   0.9 
20/01/2014  0      2.4    23     0.2 
21/01/2014  0      3.4    25     2.8 
22/01/2014  0      5.6    25.8   5 
23/01/2014  0      3      26.3   4 
24/01/2014  0      2.8    25.6   5 
25/01/2014  0      4.6    26.2   6.7 
26/01/2014  0      4.2    27.2   3.8 
27/01/2014  0      3.5    26.3   3.8 
28/01/2014  0      3.8    25.8   2.3 
29/01/2014  0      3.5    23.3   3 
30/01/2014  0      3.5    23.4   3.6 
31/01/2014  0      2.2    25.2   1.2 
01/02/2014  0      5.2    26     3 
02/02/2014  0      4      25     2.1 
03/02/2014  0      3.8    26.3   1.5 
04/02/2014  0      4.7    27     1.8 
05/02/2014  0      3.4    25.4   2.4 
06/02/2014  0      6.4    26.2   4.7 
07/02/2014  0      3.5    26     2 
08/02/2014  0      6      25     2.2 
09/02/2014  0      4      28.3   0.8 
10/02/2014  0      4.5    29.4   2.7 
11/02/2014  0      4.4    28.5   2.9 
12/02/2014  0      5.3    26.9   2 
13/02/2014  0      4.7    26.3  -0.3 
14/02/2014  0      4.2    28.8   1.4 
15/02/2014  0      5.1    29     2.2 
16/02/2014  0      4.7    30.3   1.8 
17/02/2014  0      4.8    30.2   2.2 
18/02/2014  0      4.6    30.2   4.8 
19/02/2014  0      4.4    29.5   4.9 
20/02/2014  0      4.8    28.7   4.3 
21/02/2014  0      4.5    25.8   3.8 
22/02/2014  0      4.4    28     4.5 
23/02/2014  0      3.6    27     4.3 
24/02/2014  0      5      28.5   6.3 
25/02/2014  0      4.1    27.2   7 
26/02/2014  0      2.9    25.5   4.5 
27/02/2014  0      5.9    25.5   5.1 
28/02/2014  0      5.7    28     2 
01/03/2014  0      5.7    29.2   1.8 
02/03/2014  0      4.4    29.5   3.4 
03/03/2014  0      5.6    30     5.4 
04/03/2014  0      5.9    29.4   4.5 
05/03/2014  0      8.1    27.2   3 
06/03/2014  0      5      25.8   4 
07/03/2014  0      6.3    28.5   5 
08/03/2014  0      7.3    26.8   5.7 
09/03/2014  0      5.8    25     6.9 
10/03/2014  0.8    1.6    24     5.7 
11/03/2014  0      5.5    21.8   1 
12/03/2014  0      5.7    26.5   3.1 
13/03/2014  0      5.6    28.6   4 
14/03/2014  0      6.1    30.5   2.6 
15/03/2014  0      7.6    29.4   3.7 
16/03/2014  0      6.8    28.1   4.3 
17/03/2014  0      8.4    26.2   5.4 
18/03/2014  0      7      25.6   4 
19/03/2014  0      8.2    27.3   4.8 
20/03/2014  0      6.2    27.3   7.8 
21/03/2014  0      3.3    32.8   5.6 
22/03/2014  0      8.9    31.3   8.3 
23/03/2014  0      7.1    32     8.4 
24/03/2014  0      3.9    33.1   10.2 
25/03/2014  0      6.7    30.7   7.2 
26/03/2014  0      8.2    31.2   6.8 
27/03/2014  0      8.8    29.2   5 
28/03/2014  0      5.9    27.6   5.8 
29/03/2014  0      5.3    28     8.7 
30/03/2014  0      7      31.8   12.6 
31/03/2014  0      8.1    31.5   7.4 
01/04/2014  0      7.5    29.9   6.2 
02/04/2014  0      8.8    30.5   5.4 
03/04/2014  0      7.6    29.5   8.1 
04/04/2014  0      8      29.8   6.9 
05/04/2014  0      7.7    32.5   5.4 
06/04/2014  0      7.5    31     4 
07/04/2014  0      8.1    30     5 
08/04/2014  0      7.8    30     8.2 
09/04/2014  0      12.4   29.1   12.8 
10/04/2014  0      7.9    30.2   10.2 
11/04/2014  0      9.5    32.2   8.8 
12/04/2014  0      6.5    32.8   7.7 
13/04/2014  0      9.5    33.5   7 
14/04/2014  0      8      32.8   6.5 
15/04/2014  0      8.7    32.8   8.7 
16/04/2014  0      8.4    32.5   9.4 
17/04/2014  0      6.9    32.6   9 
18/04/2014  0      5      26.4   8.8 
19/04/2014  0      7.7    31.2   8.8 
20/04/2014  0      7.8    30.9   9.2 
21/04/2014  0      8      32.1   9.5 
22/04/2014  0      5.1    32.8   9 
23/04/2014  0      7.9    32.4   8.5 
24/04/2014  0      8.2    32     8 
25/04/2014  0      8.2    32     10.2 
26/04/2014  0      7.4    31.5   9.2 
27/04/2014  0      6.9    31.3   8.9 
28/04/2014  0      6.7    29     7 
29/04/2014  0      6.8    32.9   10 
30/04/2014  0      7.7    32.8   10.8 
01/05/2014  0      6.8    30.5   14.2 
02/05/2014  0      8.1    31.5   8 
03/05/2014  0      9.4    31.2   12.7 
04/05/2014  0      7.8    32     11.8 
05/05/2014  0      6.4    32.5   11 
06/05/2014  0      7.6    33.2   10.4 
07/05/2014  0      9      33.5   17.3 
08/05/2014  1.1    3      27     14.2 
09/05/2014  0      3.2    29.8   13 
10/05/2014  0      4.9    32     9.6 
11/05/2014  0      6.3    33.8   10.8 
12/05/2014  0      6.4    33.1   13.2 
13/05/2014  0      6.4    33.4   16.8 
14/05/2014  0      7.5    33.5   13.2 
15/05/2014  1.9    10.3   31.5   14.5 
16/05/2014  0.8    7.3    30.4   13.8 
17/05/2014  0      7.3    32     9.6 
18/05/2014  0      7.6    33.8   13.8 
19/05/2014  0      8.2    33.4   13.6 
20/05/2014  0      8.7    35     12.9 
21/05/2014  0      6.6    35     14.5 
22/05/2014  0      6.9    34     15.2 
23/05/2014  6.5    6.1    32     15.8 
24/05/2014  0      7      31.6   16 
25/05/2014  0      6.8    32     16.4 
26/05/2014  0      6.7    32.8   16 
27/05/2014  0.3    4.6    31.8   18 
28/05/2014  0.1    5.2    30.8   16.2 
29/05/2014  0.2    5.5    31     17.2 
30/05/2014  8.2    3.4    27.6   17 
31/05/2014  10.3   5.3    29     14.6 
01/06/2014  0      8.3    33     13.8 
02/06/2014  0      5.6    34.8   11.2 
03/06/2014  0      6.9    34.7   13.8 
04/06/2014  0      7.2    30.7   16.7 
05/06/2014  0      5.8    32.8   18.2 
06/06/2014  5.3    3.9    33.6   14.3 
07/06/2014  2.7    3.6    33.5   15.3 
08/06/2014  12.7   4.2    32.8   17.3 
09/06/2014  0      4.2    32.8   18.2 
10/06/2014  44.3   3.8    33     15.2 
11/06/2014  0      6.5    31.9   16.4 
12/06/2014  0      7.5    33     17.2 
13/06/2014  0      11.2   33.9   17.6 
14/06/2014  19.1   10.6   35     15.8 
15/06/2014  0      7.8    31.5   16.4 
16/06/2014  0.1    5      31.5   17.1 
17/06/2014  0      5.5    30     17 
18/06/2014  12.7   8.6    32     17 
19/06/2014  19.4   8.6    30.3   16.2 
20/06/2014  23.2   6.7    28     16.2 
21/06/2014  1.4    2.6    27.8   16.4 
22/06/2014  15.6   4.6    28     15.8 
23/06/2014  37.7   6.8    28.2   16.4 
24/06/2014  1.6    4.1    26.5   15.5 
25/06/2014  10.6   5.4    28.5   15.8 
26/06/2014  2.8    4.1    27     16.8 
27/06/2014  0      5.8    29.7   16.4 
28/06/2014  9.6    5.2    28.8   15 
29/06/2014  0      8.5    30     15.8 
30/06/2014  19.2   5.3    29     17 
01/07/2014  0      2.6    26.5   16.4 
02/07/2014  7.2    5.8    28.7   14.5 
03/07/2014  3.5    3      28     15.4 
04/07/2014  8.2    4.4    25.2   16 
05/07/2014  0      3.2    27     15 
06/07/2014  0      6.1    28.7   14 
07/07/2014  0      6.8    28.1   12.9 
08/07/2014  0      5.9    28.5   13.1 
09/07/2014  0      6.7    27.8   13 
10/07/2014  0      5.2    28.3   13.7 
11/07/2014  0.8    6.3    28     15 
12/07/2014  13.5   4.4    28     16.5 
13/07/2014  7.6    3.3    28.9   14 
14/07/2014  1.6    4.6    28.8   13.3 
15/07/2014  0      5.4    29.8   13 
16/07/2014  0      5.3    29.4   12.4 
17/07/2014  0.3    4.1    28.2   15.6 
18/07/2014  0      5.5    29.1   15.2 
19/07/2014  0      5.4    30     15.7 
20/07/2014  9.8    5.4    29.2   13.8 
21/07/2014  0      5.7    30.2   14.2 
22/07/2014  0      7      31     13.8 
23/07/2014  0      7.4    32     14 
24/07/2014  0      6.1    31     14.8 
25/07/2014  0      5.7    28.2   14 
26/07/2014  0      2.8    27     13.5 
27/07/2014  23.3   6.9    31.5   13.8 
28/07/2014  20.9   7.8    30.4   13 
29/07/2014  0      5      31     12 
30/07/2014  0      5.4    29     12.8 
31/07/2014  0      6.1    31     16.3 
01/08/2014  0      5.6    30.5   16 
02/08/2014  0      3.7    32     15 
03/08/2014  0      6.3    32     13.8 
04/08/2014  0.2    5.5    30.9   14 
05/08/2014  0.2    5.1    31     15.3 
06/08/2014  1.5    6.1    31.5   14 
07/08/2014  3.2    6.2    30.5   13.5 
08/08/2014  7.2    5.5    29     15.2 
09/08/2014  0.3    3.9    29.2   14.5 
10/08/2014  16.3   4.2    28     14.2 
11/08/2014  0      5.3    28.9   15 
12/08/2014  0      5.5    29     15.3 
13/08/2014  9.7    4.8    29.2   16 
14/08/2014  5.7    2.3    29.3   12.2 
15/08/2014  16.5   8      30     12.1 
16/08/2014  0      5.1    29.6   12.5 
17/08/2014  6.1    4.1    28.8   12 
18/08/2014  0.2    3.9    29.4   13.5 
19/08/2014  0.2    3.8    29.2   12.3 
20/08/2014  0      4.2    28     14 
21/08/2014  26.2   4.1    25.2   15.1 
22/08/2014  0      6.7    29     14.4 
23/08/2014  0.1    3.8    28.8   14 
24/08/2014  1.7    3.4    29     12.8 
25/08/2014  12.1   6.3    28.1   12 
26/08/2014  0.2    5.4    29     12.6 
27/08/2014  2.1    5.3    31.5   14.7 
28/08/2014  0      5.8    31     15.8 
29/08/2014  2.7    6.2    32     14 
30/08/2014  0      4.1    31     14.2 
31/08/2014  0.6    3.2    31.2   13.7 
01/09/2014  0      3.9    29.9   15 
02/09/2014  0      4.3    31.2   13.9 
03/09/2014  0      4.7    29.2   14.3 
04/09/2014  3.4    4.7    29.9   15.3 
05/09/2014  4.3    2.5    26.9   15.9 
06/09/2014  18.3   3.7    28     15.9 
07/09/2014  3.6    2.9    26.2   14 
08/09/2014  0      4.8    29     13.2 
09/09/2014  0      3.7    27.7   13.7 
10/09/2014  0      5.4    29.3   14.2 
11/09/2014  0      4.9    30.8   14.8 
12/09/2014  0      4      30     14 
13/09/2014  0      5.7    30     14.3 
14/09/2014  0      3.2    26     15.5 
15/09/2014  0.2    3.1    26.2   15.2 
16/09/2014  0      5.2    29     14.2 
17/09/2014  0      5.2    29     14.6 
18/09/2014  0      4.9    30.2   13 
19/09/2014  0      4.7    27.8   13 
20/09/2014  0      6.2    28     11 
21/09/2014  0      5.1    31.8   11.5 
22/09/2014  7.6    3.6    28.5   14.7 
23/09/2014  0      4.9    29.6   15.6 
24/09/2014  0      4.4    29.9   16.2 
25/09/2014  3.6    4.2    29     14.8 
26/09/2014  4.2    3.4    24     14.6 
27/09/2014  12.6   3.3    28     13 
28/09/2014  0      3.9    29.1   14.7 
29/09/2014  0      4.9    30     14.2 
30/09/2014  0      4.9    30.5   12.8 
01/10/2014  0      4.9    29     12 
02/10/2014  0      4.9    27.8   12 
03/10/2014  18.5   4.4    28     12.6 
04/10/2014  8      4.1    29     14.8 
05/10/2014  0      4.2    27.8   15.4 
06/10/2014  2.6    3.9    27.5   16 
07/10/2014  0.6    3      25     13 
08/10/2014  0.1    4      29     11 
09/10/2014  0      4.6    29.8   7.8 
10/10/2014  0      5.2    29.7   8.9 
11/10/2014  0      4.5    30     11 
12/10/2014  0      4.6    29.3   9.6 
13/10/2014  0      4.7    27.2   10.3 
14/10/2014  0.3    4.2    29.4   12.8 
15/10/2014  2.1    4      30.5   10.5 
16/10/2014  0      4.6    30.5   8.3 
17/10/2014  0      4.6    31.5   9.1 
18/10/2014  0      4.5    31.3   7 
19/10/2014  0      4.4    30     7.5 
20/10/2014  23.3   3.7    27.6   12 
21/10/2014  2.3    3.5    21.2   11.8 
22/10/2014  0      4.6    28.3   12 
23/10/2014  0      4.5    28.8   12.7 
24/10/2014  0      4.7    29.5   10 
25/10/2014  0      4.2    29.3   10.6 
26/10/2014  0      4.8    28     8 
27/10/2014  0      4.7    29     5 
28/10/2014  0      4.9    29.2   8.8 
29/10/2014  0      4.6    30.3   9.8 
30/10/2014  0      4.7    31.6   8.4 
31/10/2014  0      4.6    31     8.8 
01/11/2014  0      4.2    28     8.8 
02/11/2014  0      4      25.5   7.8 
03/11/2014  0      4.1    26     7 
04/11/2014  0      3.9    28.9   7 
05/11/2014  0      2.8    26.7   12.7 
06/11/2014  0      2.9    20.8   13.8 
07/11/2014  0      2.8    26     14.8 
08/11/2014  0      2.9    25.7   12.5 
09/11/2014  0      3.4    26.8   8.2 
10/11/2014  0      3.2    26.1   6.3 
11/11/2014  2.5    3      22.5   6.5 
12/11/2014  16     1.7    15.6   12 
13/11/2014  0      3.7    25     9.5 
14/11/2014  0      3.8    26.5   7.5 
15/11/2014  0      3.7    26.8   6 
16/11/2014  0      3.3    27.1   2.3 
17/11/2014  0      3.4    25.5   4.2 
18/11/2014  0      3.7    26.2   1.7 
19/11/2014  0      3.2    24.5   4.4 
20/11/2014  0      3.1    24.1   3.3 
21/11/2014  0      4.3    27     5.2 
22/11/2014  0      3.4    26     5.6 
23/11/2014  0      3.2    23     3.8 
24/11/2014  0      3.1    26.8   3 
25/11/2014  0      3      25.5   1 
26/11/2014  0      3.1    23.3   0.2 
27/11/2014  0      2.8    25.5   2.4 
28/11/2014  0      4.6    26     0 
29/11/2014  0      3      24.6   0.6 
30/11/2014  0      2.9    25     0.7 
01/12/2014  0      3      27    -1.6 
02/12/2014  0      3.1    28.3   2 
03/12/2014  0      3.1    27.2   1.1 
04/12/2014  0      3.1    29.2   2.4 
05/12/2014  0      3.1    27.5   4.4 
06/12/2014  0      3.2    27.6   2.7 
07/12/2014  0      3.1    27.8   4.2 
08/12/2014  0      3.1    28.7   5 
09/12/2014  0      3.1    27     7 
10/12/2014  0      2.7    25.2   7.1 
11/12/2014  0      1.2    22.8   7.3 
12/12/2014  0.1    1.2    23     8 
13/12/2014  0      2.1    23.3   10 
14/12/2014  0      2.2    23.1   8.4 
15/12/2014  0      2.7    24.3   4.7 
16/12/2014  0      3.2    25     5 
17/12/2014  0      2.2    27.1   7.2 
18/12/2014  0      2.3    24.8   7.4 
19/12/2014  0      2.4    26     4 
20/12/2014  0      3      26.8   4.3 
21/12/2014  0      3.1    24.1   2.2 
22/12/2014  0      2.2    24.8   0.6 
23/12/2014  0      3      25    -2 
24/12/2014  0      2.9    22.3   0.1 
25/12/2014  0      3      21.6   0.9 
26/12/2014  0      3      21.4   2.8 
27/12/2014  0      3.1    22.3   3.6 
28/12/2014  17.9   0.8    20.2   6 
29/12/2014  0      2      23     2.2 
30/12/2014  0      2.7    26     2.5 
31/12/2014  0      2.7    26.8   3.4 
01/01/2015  0      2.7    27.8   4 
02/01/2015  0      2.7    26     4.6 
03/01/2015  0      2.5    23.2   2.2 
04/01/2015  0      2.2    22.8   2.8 
05/01/2015  0      2.3    22.5   3.3 
06/01/2015  0      2.2    23.2   8.8 
07/01/2015  0      1.7    24     9 
08/01/2015  0      2.4    26     10.8 
09/01/2015  2.9    1.7    22     9.8 
10/01/2015  0.9    2      22.3   5.3 
11/01/2015  0      2.5    22.4   0.7 
12/01/2015  0      2.5    22     1.7 
13/01/2015  0      1.8    24.1   1 
14/01/2015  0      2.2    25.9   0 
15/01/2015  0      2.6    25.1   4.5 
16/01/2015  0      2.1    27.1   4.7 
17/01/2015  0      2.2    26     3 
18/01/2015  0      2.8    26     4 
19/01/2015  0      3      27     5 
20/01/2015  0      2.8    27     3.7 
21/01/2015  0      3      28     5.6 
22/01/2015  0      3.4    25.5   3.2 
23/01/2015  0      3.3    20.9   1 
24/01/2015  0      3.3    26.1   1.5 
25/01/2015  0      3.4    25.2   7.1 
26/01/2015  0      3.3    21.4   8 
27/01/2015  0      3.3    26     8 
28/01/2015  0      3.4    29.8   4 
29/01/2015  0      3.3    29.6   5 
30/01/2015  0      2.8    31     6.9 
31/01/2015  0      2.2    27.2   9.5 
01/02/2015  0      2.7    22.5   9.7 
02/02/2015  12.6   1.8    18     10.3 
03/02/2015  9.6    1.1    14     10 
04/02/2015  4.1    1.3    20.8   1.8 
05/02/2015  0      0.7    24     2.8 
06/02/2015  0      3      24     8.1 
07/02/2015  0      3.5    26     3.3 
08/02/2015  0      3.5    27.2   0.5 
09/02/2015  0      3.5    28.2   1 
10/02/2015  0      3.5    29     3.1 
11/02/2015  0      4      27.8   4.1 
12/02/2015  0      3.5    26.8   4.5 
13/02/2015  4.8    3      24.8   1 
14/02/2015  3.1    0.9    14.8   9 
15/02/2015  0      1.9    18.9   9.7 
16/02/2015  0      1.9    21.8   8.2 
17/02/2015  0      3.2    23     7 
18/02/2015  0      3.5    24.7   4.8 
19/02/2015  0      3.4    28.5   5 
20/02/2015  0      3.7    29.6   3.8 
21/02/2015  0      3.7    29.2   2.1 
22/02/2015  0      3.7    31.2   4.8 
23/02/2015  0      3.7    31.3   8.2 
24/02/2015  0      5.8    32.8   9 
25/02/2015  0      4      30.9   5.4 
26/02/2015  0      3.9    28     4.5 
27/02/2015  0      4.5    28.2   2 
28/02/2015  0      3.7    27     2.7 
01/03/2015  0      3.8    30.8   4.6 
02/03/2015  0      4.6    31     4 
03/03/2015  0      4.3    32.4   5.2 
04/03/2015  0      3.9    29.5   3 
05/03/2015  0      2      25     8 
06/03/2015  0      3.5    27     14 
07/03/2015  0      3.3    30.2   13.2 
08/03/2015  0      3.7    30.7   14 
09/03/2015  9      1.8    27.5   15.2 
10/03/2015  2.8    0.9    21     2.2 
11/03/2015  0      1.6    23.3   4.2 
12/03/2015  0      2.9    23     4 
13/03/2015  0.2    3.1    24.3   5.4 
14/03/2015  0      3      23     6.9 
15/03/2015  3.2    2.1    16     10 
16/03/2015  45.3   0.6    14     11.6 
17/03/2015  14.9   0.5    14.1   9.9 
18/03/2015  0      0.4    23.3   10.2 
19/03/2015  0      2.3    25     4.9 
20/03/2015  7.5    2.8    24     12 
21/03/2015  0      2.3    25     13 
22/03/2015  0      3      28     11 
23/03/2015  0      3      29.3   11 
24/03/2015  0      3.4    29.5   8 
25/03/2015  0      3.6    28.1   9.2 
26/03/2015  0      3.5    29     5.2 
27/03/2015  0      3.7    30.2   6.3 
28/03/2015  0      3.9    29.2   10 
29/03/2015  0      3.9    30.2   8.1 
30/03/2015  0      3.9    30.6   8.2 
31/03/2015  0      3.9   Nulo    8 
01/04/2015  0      3.9    33    Nulo
02/04/2015  0      3.6    32.9   6.5 
03/04/2015  0      3.9    32.4   6.8 
04/04/2015  0      3.9    32     11.6 
05/04/2015  0      4      29     12.2 
06/04/2015  0      4      32.8   12.4 
07/04/2015  0      3.4    28.8   8.2 
08/04/2015  0      3      32.8   14.5 
09/04/2015  0      3.6    32.3   12 
10/04/2015  0      3.9    32     15.5 
11/04/2015  0      4      30     16.9 
12/04/2015  0      3      26.3   13.3 
13/04/2015  0      5.5    26.5   8.9 
14/04/2015  0      5.2    25.2   13 
15/04/2015  0      4.9    27.3   10.8 
16/04/2015  0      4.8    30.1   9 
17/04/2015  0      7.6    28.8   8.8 
18/04/2015  0      5.6    28     13.7 
19/04/2015  0      6.5    28.8   8 
20/04/2015  0      6.9    30.8   7.3 
21/04/2015  0      7.4    32.1   8.4 
22/04/2015  0      7.4    32.8   9 
23/04/2015  0      7.6    31.8   8.8 
24/04/2015  0.7    7.1    29.8   10.9 
25/04/2015  0      5      30.8   15 
26/04/2015  0      6.3    27.8   10.7 
27/04/2015  0      5.4    29     12.5 
28/04/2015  0.8    7.5    29.8   11 
29/04/2015  0      6.4    27     12.8 
30/04/2015  0      8.7    28.2   8 
01/05/2015  0      5.9    31     6 
02/05/2015  0      5.7    30.8   8.8 
03/05/2015  0      5.9    30.7   8.6 
04/05/2015  0      5.8    31.5   8.2 
05/05/2015  0      6      31     10 
06/05/2015  0.4    4.9    24     12 
07/05/2015  0      5.9    33.3   12.2 
08/05/2015  0      7.9    34     13.6 
09/05/2015  0      8.1    34.1   10.7 
10/05/2015  0      8.3    33.7   12.2 
11/05/2015  0      8.7    36     12 
12/05/2015  0      9.1    31     14 
13/05/2015  0      6.9    31.2   15 
14/05/2015  0      6.4    31.8   14.9 
15/05/2015  0      6.1    31.5   16.3 
16/05/2015  0      6.1    32     12 
17/05/2015  0      8      33.5   10 
18/05/2015  0      7.8    33.8   12.2 
19/05/2015  0      7.9    32     12.6 
20/05/2015  0      8.1    35.5   12.2 
21/05/2015  3.5    5.4    35     16.5 
22/05/2015  0      4.8    33.5   13.8 
23/05/2015  0      6.9    34.1   13.5 
24/05/2015  0      7.5    32.3   12.8 
25/05/2015  0      8      32.5   10 
26/05/2015  0      9.2    32.7   10.2 
27/05/2015  0      9.9    35.5   11.1 
28/05/2015  0      9.7    35     14.2 
29/05/2015  15.5   7.3    32.3   16 
30/05/2015  11.7   6.7    30     15.6 
31/05/2015  0      7.9    30.2   14 
01/06/2015  0      6.9    32.5   14.1 
02/06/2015  0      8.8    32.5   15 
03/06/2015  0      7.7    33.8   14.9 
04/06/2015  0      8.2    32     14.5 
05/06/2015  6.5    6.7    32.8   14.7 
06/06/2015  0      3.8    31.2   16.6 
07/06/2015  0      5      31.8   15.5 
08/06/2015  5.9    5.8    32.3   17.6 
09/06/2015  6.9    4.6    32     16.6 
10/06/2015  0      5.1    32.5   15.6 
11/06/2015  8.3    6.9    30.9   15.4 
12/06/2015  0      5.4    32     16.8 
13/06/2015  23.6   6.5    34.8   17.7 
14/06/2015  2.5    10.1   33.8   16.8 
15/06/2015  19.6   4.9    30.5   17 
16/06/2015  0.7    7.7    26.3   16.3 
17/06/2015  0      2.5    29.2   15.7 
18/06/2015  40.8   5.1    31     16 
19/06/2015  6.6    10.4   25.3   15.2 
20/06/2015  0      2      25.1   16.5 
21/06/2015  0      3.2    28.8   14.3 
22/06/2015  1.1    4.8    30.2   15.1 
23/06/2015 Nulo   Nulo   Nulo    17.1 
01/07/2015  0      6.3    28.5   16 
02/07/2015  0      4.6    25.5   16.3 
03/07/2015  5.2    4.6    24.8   16 
04/07/2015  2.4    3.8    25     15 
05/07/2015  1.1    4.1    28     16.5 
06/07/2015  45.8   4.8    29     16.7 
07/07/2015  5.8    10.4   27     14.9 
08/07/2015  4      6.5    26     15.8 
09/07/2015  13.3   5.5    28     15.7 
10/07/2015  0      10.2   27     13.7 
11/07/2015  0      7      28.2   15 
12/07/2015  0      5.9    27.4   14.9 
13/07/2015  0      5.6    29.8   15 
14/07/2015  0      5.2    29.8   13.7 
15/07/2015  0      5.6    29.5   13.8 
16/07/2015  1.5    6.5    29.5   14 
17/07/2015  14.8   6.3    30     14.5 
18/07/2015  0      4.6    29.3   15.5 
19/07/2015  3.1    4.3    31.5   15.6 
20/07/2015  7.9    5.9    30.8   16 
21/07/2015  1      5      27.1   14.3 
22/07/2015  10.2   3.2    28.8   15 
23/07/2015  0.8    5.3    25     15 
24/07/2015  0.8    3.3    23.6   15.8 
25/07/2015  0      3.5    30     15.5 
26/07/2015  0      4.6    32     14.6 
27/07/2015  0      6.4    32.5   15 
28/07/2015  0      6.4    31.6   14.3 
29/07/2015  0      6.3    32     13.8 
30/07/2015  0      6.3    32     15.1 
31/07/2015  0      6.4    31.9   16.8 
01/08/2015  0      6.4    29.9   16.5 
02/08/2015  0      6      30.5   17.2 
03/08/2015  17.3   4.7    30     16.9 
04/08/2015  38.3   6.1    30.7   13 
05/08/2015  10.5   7.4    30.7   15.4 
06/08/2015  0      5.6    30.8   15.7 
07/08/2015  0      6.3    31     16.1 
08/08/2015  6.1    5.5    31.3   14.3 
09/08/2015  0      9.7    30.2   14.3 
10/08/2015  0      5.6    31.6   14.2 
11/08/2015  0      4.8    31     15.2 
12/08/2015  0      7.6    28.2   16 
13/08/2015  1.2    5.6    30     14 
14/08/2015  0      5.8    31.8   13.8 
15/08/2015  0      5.6    32.1   12.8 
16/08/2015  0      3.2    29     14.1 
17/08/2015  7.2    3.6    28.8   14.1 
18/08/2015  4.1    4.5    27.4   13 
19/08/2015  0      4.3    29.8   12 
20/08/2015  0      5.6    29.8   16.1 
21/08/2015  0.4    5.5    27     15.2 
22/08/2015  0      2.5    29     15.2 
23/08/2015  11.2   4.3    28.1   16.2 
24/08/2015  16.7   5.9    29.8   15 
25/08/2015  0      3.5    30     14.8 
26/08/2015  0      6.9    29.6   15 
27/08/2015  0      6      31     15 
28/08/2015  0      5.1    32.2   13 
29/08/2015  0      7      32.4   12 
30/08/2015  0      5.7    33     13.5 
31/08/2015  0      4      28.4   16.7 
01/09/2015  0      5.6    29.7   13.7 
02/09/2015  9      5.8    30.5   14.2 
03/09/2015  0      4      30     14 
04/09/2015  0      4.6    27.7   15 
05/09/2015  0      5      30     15.3 
06/09/2015  0     Nulo    31     14 
07/09/2015  0     Nulo    31.2   12.8 
08/09/2015  3.5   Nulo    31.2   14.8 
09/09/2015  44.7  Nulo    31.1   15 
10/09/2015  0     Nulo    28.3   14 
11/09/2015  1.7   Nulo    28.3   16.3 
12/09/2015  12.9  Nulo    28.1   15.8 
13/09/2015  52.5  Nulo    29.2   16.7 
14/09/2015  0.3   Nulo    28     12.2 
15/09/2015  0.6   Nulo    27.8   14.9 
16/09/2015  0     Nulo    29.3   15.8 
17/09/2015  0     Nulo    29.7   15.8 
18/09/2015  0     Nulo    27.5   16.8 
19/09/2015  1.8   Nulo    31.1   15.4 
20/09/2015  0     Nulo    31     16.2 
21/09/2015  0     Nulo    30.3   14.7 
22/09/2015  0     Nulo    30.7   13.8 
23/09/2015  0     Nulo    30.5   16.9 
24/09/2015  0     Nulo    31.2   13.8 
25/09/2015  2.2   Nulo    27     14 
26/09/2015  0     Nulo    27.3   13.4 
27/09/2015  0     Nulo    26.9   13.4 
28/09/2015  0     Nulo    31     10.5 
29/09/2015  0     Nulo    30     9.2 
30/09/2015  0     Nulo    29     11.1 
01/10/2015  0      4.3    29     12 
02/10/2015  0      7      29.3   11 
03/10/2015  0      6.5    30.2   10.2 
04/10/2015  1.2    3.8    30.2   11.1 
05/10/2015  0      0      22.5   12.7 
06/10/2015  0      2.6    28.5   18.2 
07/10/2015  0      4.7    31.2   15.3 
08/10/2015  0      4.8    31.2   12 
09/10/2015  0      5.8    26     14.2 
10/10/2015  0      1.5    27.6   15.7 
11/10/2015  0      3.9    31     14.6 
12/10/2015  0      4.5    30.7   12 
13/10/2015  0      3.7    32.6   12 
14/10/2015  0.1    4.5    29     14.3 
15/10/2015  0      3.9    30.4   10.8 
16/10/2015  0      6.2    29.4   12.3 
17/10/2015  0      6.1    26.5   13 
18/10/2015  0      5.4    28.3   11 
19/10/2015  0      5      32     13 
20/10/2015  0      3.4    32.5   10.8 
21/10/2015  0      4.9    32.8   11.7 
22/10/2015  0.8    5.3    31.4   11.5 
23/10/2015  41.1   5.4    17.6   16.4 
24/10/2015  0      2.2    25     14.7 
25/10/2015  0      2.4    28     12 
26/10/2015  0      5.6    28     11.3 
27/10/2015  0      3.8    28.6   12.1 
28/10/2015  0      4.3    29     10.4 
29/10/2015  12.5   4.3    29     15.4 
30/10/2015  14.7   1      20     14.5 
31/10/2015  0      1.1   Nulo    13 
01/11/2015  0      4.6    25.1   8 
02/11/2015  0      4.3    26.8   6.2 
03/11/2015  0      4.5    29     12.8 
04/11/2015  0      4.7    25.2   14.3 
05/11/2015  0      2.7    28.9   10.8 
06/11/2015  0      3.5    30.4   13.4 
07/11/2015  0      2.7    32     11 
08/11/2015  0      3.1    31.2   11.3 
09/11/2015  0      3      31.3   11.9 
10/11/2015  0      3.5    30.5   10 
11/11/2015  0      3.2    31     8.6 
12/11/2015  0      6.1    31.8   10.2 
13/11/2015  0      1.8    31.2   12.8 
14/11/2015  0      3      30     13 
15/11/2015  0      2.4    27.8   12.6 
16/11/2015  0      2.7    30     10.6 
17/11/2015  0      2.3    29.7   10.2 
18/11/2015  0      3      25.2   10 
19/11/2015  0      2.3    26.5   7.7 
20/11/2015  0      2.3    30.5   11.7 
21/11/2015  0      2.3    29.9   10.8 
22/11/2015  0      2.8    31     11 
23/11/2015  0      3.9    30.5   9.8 
24/11/2015  0      2.7    30.2   9 
25/11/2015  0      2.8    29.8   10 
26/11/2015  2.4    2.1    29.5   12.8 
27/11/2015  17.7   0.3    22.8   13 
28/11/2015  0      1.5    15.9   13.3 
29/11/2015  0      2.3    27.2   10.3 
30/11/2015  0      2.8    30.1   9 
01/12/2015  0      2.8    30     8 
02/12/2015  0      3.4    29.2   7.9 
03/12/2015  0      2.9    29.2   11.8 
04/12/2015  0      3.9    28     8.2 
05/12/2015  0      3.5    28     9 
06/12/2015  0      1.3    27.5   11 
07/12/2015  0      3.2    26.5   8 
08/12/2015  0      3      26     6.8 
09/12/2015  0      2.6    26.2   7.3 
10/12/2015  0      1.7    27     3.6 
11/12/2015  17.4   2.4    25     3.5 
12/12/2015  0      0.2    16     9.6 
13/12/2015  21.6   0.6    14     9.5 
14/12/2015  0      1.5    25     1 
15/12/2015  0      2.2    23.9   1.7 
16/12/2015  0      2.7    24.5   0.6 
17/12/2015  0      3.1    23     4 
18/12/2015  0      2.2    23     7.1 
19/12/2015  0      3.4    26     7.2 
20/12/2015  0      1.6    26     8.3 
21/12/2015  0      2.2    24.3   8 
22/12/2015  0      1.5    23.8   8.7 
23/12/2015  0      2      22     2.1 
24/12/2015  0      2      22     2.1 
25/12/2015  0      2.4    24.9   1.3 
26/12/2015  0      2.8    26     1 
27/12/2015  0      2.7    23.3   5 
28/12/2015  0      2.7    22.1   2.2 
29/12/2015  0      2.4    25.2   1.4 
30/12/2015  0      2.6    25     5.9 
31/12/2015  0      2.5    24.1   6 
01/01/2016  0      2.5    24     6.6 
02/01/2016  0      3.2    27.8   7.2 
03/01/2016  0      2.3    24     6.9 
04/01/2016  0      2.4    25     5 
05/01/2016  0      2.7    23.8  -0.5 
06/01/2016  0      3.2    22.1  -0.4 
07/01/2016  0      1      20.5   1 
08/01/2016  0      3.9    21    -2 
09/01/2016  0      3.1    21    -4.6 
10/01/2016  0      2      20.5  -3 
11/01/2016  0      3.4    23.5  -3.5 
12/01/2016  0      3      24.8  -3.3 
13/01/2016  0      2.5    25    -0.2 
14/01/2016  0      3.1    21.8  -0.1 
15/01/2016  0      2.2    21.2  -1 
16/01/2016  0      1.4    24    -2 
17/01/2016  0      2.8    26    -2.8 
18/01/2016  0      5      22    -1.8 
19/01/2016  0      2.8    25    -2 
20/01/2016  0      3      25.3  -2.2 
21/01/2016  0      3.1    27    -2.6 
22/01/2016  0      3.8    27.4  -1.7 
23/01/2016  0      3.7    27.2   1.5 
24/01/2016  0      3.7    28.8  -1 
25/01/2016  0      3.5    25     0.8 
26/01/2016  0      2.8    20.5   0.4 
27/01/2016  0      3.8    21.7   0.9 
28/01/2016  0      4.1    18.1   0.5 
29/01/2016  0      3      20.1   0 
30/01/2016  0      2.1    23     1 
31/01/2016  0      2.7    24.1   2.8 
01/02/2016  0      2.8    27.7   0 
02/02/2016  0      4.5    27.4  -3 
03/02/2016  0      4.5    25.2  -5.7 
04/02/2016  0      3.4    27.3  -4.2 
05/02/2016  0      4.3    28    -0.3 
06/02/2016  0      3.9    28     1.8 
07/02/2016  0      6      25     9.6 
08/02/2016  0      3.1    27     7.5 
09/02/2016  0      4      25.2   7.8 
10/02/2016  0      2.6    24.1   8.9 
11/02/2016  0      3.6    25.3   6 
12/02/2016  0      4.5    28     1 
13/02/2016  0      4.5    28.9   6.2 
14/02/2016  0      4.7    28.8   1.8 
15/02/2016  0      3.5    29.8   2.3 
16/02/2016  0      3.5    30     3 
17/02/2016  0      3.8    32     3 
18/02/2016  0      6.4    31.8   7.3 
19/02/2016  0      3.5    32     5 
20/02/2016  0      4.3    34     5.3 
21/02/2016  0      3.8    34.8   5 
22/02/2016  0      4.5    34.1   5.2 
23/02/2016  0      4.9    31     4 
24/02/2016  0      4.5    31     3.2 
25/02/2016  0      4.5    32.2   7.1 
26/02/2016  0      4.5    30     9.2 
27/02/2016  0      4      31.2   10.2 
28/02/2016  0      3      27     6.9 
29/02/2016  0      3.4    27.7   3.4 
01/03/2016  0      4.3    30     8.2 
02/03/2016  0.7    4.4    26.4   11.2 
03/03/2016  1.5    3.1    28     6 
04/03/2016  0      4.1    30.5   7.2 
05/03/2016  0      4.4    30.9   6.9 
06/03/2016  0      4.5    31.9   6 
07/03/2016  0      4.5    31.9   3.5 
08/03/2016  0      5.2    26.3   4.2 
09/03/2016  7.6    3.6    23.3   3.4 
10/03/2016  4      0      11.6   1.2 
11/03/2016  0      2.7    15.4   0 
12/03/2016  0      4.2    21.8  -1 
13/03/2016  0      4.9    28     1 
14/03/2016  0      5      31.2   4.2 
15/03/2016  0      5.1    31.8   5.3 
16/03/2016  0      4.2    29     10.2 
17/03/2016  0      4      20.8   11 
18/03/2016  0      4.1    26.2   5 
19/03/2016  0      5.2    27.8   4.5 
20/03/2016  0      5.6    29     7.6 
21/03/2016  0      5.2    28     8.8 
22/03/2016  0      7      29.6   8.8 
23/03/2016  0      5.3    29.4   8.1 
24/03/2016  0      5.7    29     8.1 
25/03/2016  0      7.4    30.8   5 
26/03/2016  0      7.3    30.8   8.8 
27/03/2016  0      3.9    27     5.2 
28/03/2016  0      6.7    32.8   8.7 
29/03/2016  0      8.4    30.8   5.2 
30/03/2016  0      8.4    30.8   6.1 
31/03/2016  0      6.6    30.8   10.8 
01/04/2016  0      6.6    31     6.1 
02/04/2016  0      6.8    28.5   5.3 
03/04/2016  0      6.6    30.8   7.3 
04/04/2016  0      6.6    31.8   6.5 
05/04/2016  0      6.6    31.7   6 
06/04/2016  0      6.3    33.5   6.7 
07/04/2016  0      5.8    34.9   10.8 
08/04/2016  0      5.8    36     12.2 
09/04/2016  0      6.8    35.6   12.1 
10/04/2016  0      6.6    34.8   10 
11/04/2016  0      6.8    34     11.1 
12/04/2016  0      6.2    34     13.6 
13/04/2016  0      4.4    31.2   13.8 
14/04/2016  0      4.9    32.6   11 
15/04/2016  0      6.1    34     14.2 
16/04/2016  0      5.2    27.2   11.8 
17/04/2016  0      5.6    30.2   11.8 
18/04/2016  0      5.5    31.8   10.8 
19/04/2016  0      6.5    33.8   12 
20/04/2016  0      4      32     9.2 
21/04/2016  0      5.3    33     9.1 
22/04/2016  0      6.6    32.1   8 
23/04/2016  0      5.9    31     8 
24/04/2016  0      6      32.5   8.1 
25/04/2016  0      6.4    32.2   8.3 
26/04/2016  0      6.7    31.8   7 
27/04/2016  0      6.9    31.8   4.6 
28/04/2016  0      7.3    32.7   5 
29/04/2016  0      7.2    31.5   5.5 
30/04/2016  0      7.2    30.2   5.8 
01/05/2016  0      7.4    31     13.5 
02/05/2016  0      7.4    32.3   6.4 
03/05/2016  0      7.5    36.7   10.4 
04/05/2016  0      7.5    35.6   11 
05/05/2016  0      7.6    35.6   10.2 
06/05/2016  0      7.5    35.5   12.8 
07/05/2016  0      7.5    37.4   15 
08/05/2016  0      7.5    37.5   15.2 
09/05/2016  0      7.6    37.4   15.4 
10/05/2016  0      7      32     17.7 
11/05/2016  0.5    6.8    32.6   20 
12/05/2016  0      6.8    34.9   12 
13/05/2016  0      7.6    36.8   14.2 
14/05/2016  11.6   5.5    36     16.8 
15/05/2016  0      5.8    33.5   15.8 
16/05/2016  1.7    7      32.6   11.2 
17/05/2016  0      6      31.4   11.2 
18/05/2016  0      8.2    33.1   9 
19/05/2016  0      7.5    32.5   10.5 
20/05/2016  0      7.3    33     10 
21/05/2016  0      8.4    35.2   11.8 
22/05/2016  0      7.4    26.2   11.5 
23/05/2016  0      7.4    36.5   10.2 
24/05/2016  0      9.2    36.5   10 
25/05/2016  0      7.7    37     13 
26/05/2016  0      7.9    37.6   15.2 
27/05/2016  0      7.3    36     19.2 
28/05/2016  0      8.1    36.2   13.8 
29/05/2016  0      7.8    37.5   13.5 
30/05/2016  0      8      38.2   14.3 
31/05/2016  0      8.1    36.7   16.1 
01/06/2016  0      7.5    36     15.5 
02/06/2016  0      7.8    35.2   18 
03/06/2016  0      7.6    35.5   14 
04/06/2016  0      10     34.5   16 
05/06/2016  0      8.7    33     16.8 
06/06/2016  0      9.8    33     17.2 
07/06/2016  0      7.4    33.1   12.6 
08/06/2016  0      7.4    36.1   14.6 
09/06/2016  7.8    6.4    35.6   16.9 
10/06/2016  0      5.3    33.5   14 
11/06/2016  0      5.2    33     16.1 
12/06/2016  9.8    5.9    35.1   18 
13/06/2016  0.4    4.2    33.8   17.3 
14/06/2016  19.2   7.5    35.5   15 
15/06/2016  25.6   10     34.6   15.5 
16/06/2016  7      6.6    33     17 
17/06/2016  5.3    5.7    32     18 
18/06/2016  1.6    5.8    32.5   18.3 
19/06/2016  0      7.3    34     17.3 
20/06/2016  0      5.8    29     17.8 
21/06/2016  0      10.8   33.6   19.3 
22/06/2016  0      9.7    27.6   17 
23/06/2016  0.8    4.6    30.5   15.1 
24/06/2016  3.3    5.5    33.3   15 
25/06/2016  4.6    4.7    32.5   13 
26/06/2016  0      4.2    34     16.3 
27/06/2016  24.9   6.5    31.8   17.8 
28/06/2016  10.1   3.1    27     15.2 
29/06/2016  0.6    4.8    31.5   15.2 
30/06/2016  0      5.9    30.7   15.5 
01/07/2016  24.5   7.5    32.8   11 
02/07/2016  15.9   8.6    31.5   16 
03/07/2016  0      4      29.2   17.4 
04/07/2016  104.8  5.1    31.8   15 
05/07/2016  0      2.6    29     16 
06/07/2016  1.2    3.3    27.7   15.1 
07/07/2016  5.9    7.2    31.3   16 
08/07/2016  7.2    3.3    29.1   14.9 
09/07/2016  0.2    4.9    32.5   16 
10/07/2016  0      5.5    33.8   17 
11/07/2016  0      6.3    33.3   17 
12/07/2016  2.9    4.5    31.1   15 
13/07/2016  18.5   7.1    30     13 
14/07/2016  3.5    4.5    29.5   14 
15/07/2016  0.9    3.5    29.1   15 
16/07/2016  0      3.3    31     13.9 
17/07/2016  8.5    7.6    31.2   13 
18/07/2016  12.5   4.7    29     15 
19/07/2016  1.5    2.8    29.8   14 
20/07/2016  0      6.7    30.8   15.5 
21/07/2016  0      5.6    28.4   16 
22/07/2016  5.8    5.8    30     15.6 
23/07/2016  0      1.6    30     16 
24/07/2016  5.4    6      30.6   14 
25/07/2016  6.2    4.7    30     15 
26/07/2016  0      7.9    31.8   16 
27/07/2016  8.4    2.5    29.8   14 
28/07/2016  8.6    5.3    29.8   15.1 
29/07/2016  0      4      29.5   15 
30/07/2016  15.5   1.9    28     15.9 
31/07/2016  0      6.4    29     15.2 
01/08/2016  21.8   7.3    23.9   14.8 
02/08/2016  2.7    3.5    30     13.8 
03/08/2016  0      4.8    30.9   16.2 
04/08/2016  1.4    5.5    31.1   15.1 
05/08/2016  15.4   6.8    32     16.9 
06/08/2016  0      5      31.8   16 
07/08/2016  0      5.1    28.9   18.9 
08/08/2016  12     2      27     17 
09/08/2016  2.4    2.2    25     17 
10/08/2016  0.5    0.7    25.4   17 
11/08/2016  1.6    2.6    27     16 
12/08/2016  0.9    2.1    26     15 
13/08/2016  0      4.7    30.5   16 
14/08/2016  0.1    5.6    30.2   16.1 
15/08/2016  0.7    4.4    31.1   18 
16/08/2016  0      5.9    28     17.6 
17/08/2016  10.9   2.3    29.8   18.2 
18/08/2016  0.7    2.5    28     18.1 
19/08/2016  23.2   3.9    28     18.2 
20/08/2016  0      2.9    26     16 
21/08/2016  8.4    4.6    29.8   16.5 
22/08/2016  22.3   4.7    26.2   15.1 
23/08/2016  0.3    1.6    23.7   14.5 
24/08/2016  0      3      29     16 
25/08/2016  5.9    2.9    27.4   15 
26/08/2016  0.2    2.1    25     15.3 
27/08/2016  0      4      29.6   15.8 
28/08/2016  0      3.6    28     13.8 
29/08/2016  0      1.8    28     15.2 
30/08/2016  0      4.9    30     15.8 
31/08/2016  0      3.4    29.8   15 
01/09/2016  9.4    4.7    30.9   16 
02/09/2016  1      3.1    28.9   17 
03/09/2016  3.2    3      29.3   15.8 
04/09/2016  0      4.4    29.1   14 
05/09/2016  1.2    3.6    28     17.5 
06/09/2016  0.8    1.3    25.3   14 
07/09/2016  0      3.6    29.3   14.8 
08/09/2016  0      4.6    31     11.6 
09/09/2016  0      4.8    31.8   12.2 
10/09/2016  0.7    2.3    32.4   12.4 
11/09/2016  0      4.9    32     13.2 
12/09/2016  1.9    4.7    30     13.5 
13/09/2016  13.6   5.1    31.4   14.5 
14/09/2016  0      3.4    30.3   16.5 
15/09/2016  0.8    3.1    30.6   15 
16/09/2016  0      3.7    30     13 
17/09/2016  0      3.9    33.2   13.8 
18/09/2016  0      3      29.9   13.8 
19/09/2016  0      4.6    30     13.2 
20/09/2016  0      3.6    32     13.9 
21/09/2016  0.5    4.5    31.1   12 
22/09/2016  0      5.9    31.4   10.8 
23/09/2016  0      2.1    29.8   14.9 
24/09/2016  2.8    1.9    27     13 
25/09/2016  0      3.9    28     12.4 
26/09/2016  10.3   3.8    29     13.6 
27/09/2016  3.1    2.9    29     15.4 
28/09/2016  0      2.5    27.9   14.8 
29/09/2016  5.7    2.6    29.5   16 
30/09/2016  0      5.4    27     15 
--------------------------------------
