CNA-SMN-CG-GMC-SMAA-CLIMATOLOGÍA
BASE DE DATOS CLIMATOLÓGICA
DATOS DISPONIBLES EN LA BASE DE DATOS A JULIO 2019
 
ESTACIÓN  : 14030
NOMBRE    : CIUDAD GUZMAN (OBS)
ESTADO    : JALISCO
MUNICIPIO : ZAPOTLAN EL GRANDE
SITUACIÓN : OPERANDO
ORGANISMO : CONAGUA-SMN
CVE-OMM   :  76656 
LATITUD   : 0019.718°
LONGITUD  : -103.465°
ALTITUD   : 1,515 msnm
 
EMISIÓN   : 14/08/2019 
 
           PRECIP  EVAP   TMAX   TMIN
  FECHA      mm     mm     °C     °C 
01/01/2008  0      9.1    26.8   7 
02/01/2008  0      9.6    21     8.8 
03/01/2008  0      3      20     5 
04/01/2008  0      3      23.3   3 
05/01/2008  0     Nulo    26.8   4 
06/01/2008  0     Nulo    24.7  Nulo
07/01/2008  0      4      27     3.2 
08/01/2008  0      3.8    26.8   2 
09/01/2008  0      4.1    26.2   2.3 
10/01/2008  0      3.2    26.5   3 
11/01/2008  0      3.4    24.3   4 
12/01/2008  0     Nulo    25     1 
13/01/2008  0      3.1    29     6 
14/01/2008  0      3.1    24     6 
15/01/2008  0      3.3    23     7.3 
16/01/2008  0      3.2    22.7   3.5 
17/01/2008  0      3      22.5   4 
18/01/2008  0      3      23.7   4.7 
19/01/2008  0      5.6    27.4   8 
20/01/2008  0     Nulo    26     5.4 
21/01/2008  0      3.5    26.3   4.8 
22/01/2008  0      3      27     5 
23/01/2008  0      4.3    30     6.6 
24/01/2008  0      4.1    28.8   6.8 
25/01/2008  0      3.5    27.5   7.4 
26/01/2008  0      4.4    29     9 
27/01/2008  0      4.2    28.5   8.2 
28/01/2008  0      3.9    28.5   7 
29/01/2008  0      4.7    28.5   8 
30/01/2008  0      4.6    27.3   7.8 
31/01/2008  0      4.6    27.2   5 
01/02/2008  0      4.2    26.8   5.4 
02/02/2008  0      4.6    27     4.8 
03/02/2008  0      4.4    28     5 
04/02/2008  0      4.9    27.6   5 
05/02/2008  0      4.8    26.5   3.6 
06/02/2008  0      5.2    27     4 
07/02/2008  0      4.2    26.8   3.4 
08/02/2008  0      4.2    27.6   8 
09/02/2008  0      4      29     5.6 
10/02/2008  0      3.8    26.6   7 
11/02/2008  0      3.8    26.6   7 
12/02/2008  0      3.8    27     4.6 
13/02/2008  0      5.6    28     4.4 
14/02/2008  0      5.9    27     3.2 
15/02/2008  0      6      28.4   3.2 
16/02/2008  0      5.5    30     3.8 
17/02/2008  0      6.1    28.5   4 
18/02/2008  0      6.1    4      2.4 
19/02/2008  0      5.7    28     3.2 
20/02/2008  0      5.5    29     3 
21/02/2008  0      4.9    28.8   3.8 
22/02/2008  0      5.1    30.5   4 
23/02/2008  0      6.9    33     5 
24/02/2008  0     Nulo    29.8  Nulo
25/02/2008  0      6.4    29.6   9 
26/02/2008  0      6.3    30.6   5 
27/02/2008  0      5.9    28.5   4.6 
28/02/2008  0      6.4    28     6 
29/02/2008  0      5.4    29.2   5.6 
01/03/2008  0      5.5    31     7.4 
02/03/2008  0      5.2    29     5 
03/03/2008  0      5.2    29     5 
04/03/2008  0      4.2    26.8   8.6 
05/03/2008  0      6.4    30.8   4.8 
06/03/2008  0      6.6    29.3   3.4 
07/03/2008  0      5.1    28.3   3.4 
08/03/2008  0      7.6    26     2.2 
09/03/2008  0      6.8    26.8   2.6 
10/03/2008  0      6.1    27.3   3.8 
11/03/2008  0      5.9    30.7   6 
12/03/2008  0      6.3    31.2   6 
13/03/2008  0      6.7    29.8   6 
14/03/2008  0      7      31     4 
15/03/2008  0      7      31.5   4 
16/03/2008  0      7      30.5   4.6 
17/03/2008  0      6.8    28     4.8 
18/03/2008  0      8.8    27     5.3 
19/03/2008  0      5.9    30.3   3.5 
20/03/2008  0      6.2    31     6.8 
21/03/2008  0      6.6    33     7 
22/03/2008  0      7.4    32.3   8 
23/03/2008  0     Nulo    32.1   7 
24/03/2008  0      6.4    31.8   6.7 
25/03/2008  0      5.3    31.7   7.3 
26/03/2008  0      6.3    33     8.2 
27/03/2008  0      6.3    33.4   8.3 
28/03/2008  0      7.7    32.3   8 
29/03/2008  0      7.2    32     7 
30/03/2008  0     Nulo    36.2   7 
31/03/2008  0      7      39.7   6.2 
01/04/2008  0      7.8    34.2   7.8 
02/04/2008  0      7.2    35.5   8.2 
03/04/2008  0      7.1    36.3   9 
04/04/2008  0      6.7    34.2   8.3 
05/04/2008  0      6.6    30     10.3 
06/04/2008  0      6.6    30     10.3 
07/04/2008  0      6.6    34     8.8 
08/04/2008  0      7      32.5   9.2 
09/04/2008  0      7.4    32.8   6.7 
10/04/2008  0      6.3    33.5   7 
11/04/2008  0      6.2    34.8   9 
12/04/2008  0      6.4    35.3   11.3 
13/04/2008  0      4.7    29     14.2 
14/04/2008  0      9.7    29     14.2 
15/04/2008  0      5.6    32.6   12 
16/04/2008  0      6.5    35     12 
17/04/2008  0      7.4    33.5   8 
18/04/2008  0      6.1    36.5   7 
19/04/2008  0      7.7    35.4   9.2 
20/04/2008  0      6.8    35     9.4 
21/04/2008  0      7.6    37.3   9.8 
22/04/2008  0      7.4    37.5   10.8 
23/04/2008  0      7.3    35     13 
24/04/2008  0      8.3    33.7   12 
25/04/2008  0      7.5    36.7   9.6 
26/04/2008  0      6.2    35.5   10.3 
27/04/2008  0      6.5    35.5   11 
28/04/2008  0      5.2    35.2   12 
29/04/2008  0      7.9    33.4   12.8 
30/04/2008  0      7.3    32.2   11 
01/05/2008  0      6.4    34.6   8 
02/05/2008  0      6.8    34.5   9 
03/05/2008  0      7.1    35     10 
04/05/2008  0      6.8    35     11.4 
05/05/2008  0      7      34.5   13 
06/05/2008  0      6.2    33     13.4 
07/05/2008  0      4.2    31.3   13.6 
08/05/2008  0      6.5    34.2   11.4 
09/05/2008  0      6.3    34     12.2 
10/05/2008  0      6.3    34.6   14 
11/05/2008  0      6.2    35.5   15 
12/05/2008  0      6.7    35.5   16.4 
13/05/2008  0      7.4    33.3   12.2 
14/05/2008  0      7      39.8   12 
15/05/2008  0      6.6    34     15 
16/05/2008  0      5.6    33     12.4 
17/05/2008  0      5.2    32.5   11 
18/05/2008  0      5.4    32.4   10 
19/05/2008  0      5.7    32.3   10 
20/05/2008  0      4.8    33.2   11.6 
21/05/2008  0      5.3    32     12.5 
22/05/2008  0      6      29     11.4 
23/05/2008  0      6      32.7   7.8 
24/05/2008  0      5.2    34.5   9.8 
25/05/2008  0      6.4    34     13 
26/05/2008  0      6.5    35     13.8 
27/05/2008  0.9    3.7    33     14 
28/05/2008  0      4.2    32.5   16 
29/05/2008  0      6.6    34.5   14.2 
30/05/2008  0      4.4    32.7   13.4 
31/05/2008  6.8    2.4    37     14 
01/06/2008  0      4.7    34     14 
02/06/2008  0      7.2    37.3   15 
03/06/2008  0      6.8    37     14 
04/06/2008  0      6.1    31.7   14 
05/06/2008  0      6.1    31     14 
06/06/2008  2.6    5.3    32.3   14 
07/06/2008  0      4      31     15.3 
08/06/2008  29     4.7    33     15.6 
09/06/2008  21.4   2.5    29.5   16.6 
10/06/2008  13.3   13.8   21.5   16 
11/06/2008  0      3.5    27     15 
12/06/2008  0      1.9    26.2   15.4 
13/06/2008  7.2    3.1    30.5   17 
14/06/2008  8.3    2.3    29     16.5 
15/06/2008  4.2    2.2    28     15 
16/06/2008  0      4.8    30     15 
17/06/2008  0      4.3    32.3   13.6 
18/06/2008  0.2    3.3    31     16 
19/06/2008  7.9    1.6    30.2   15.8 
20/06/2008  0.1    3.2    31.3   16 
21/06/2008  10.9   2.9    28     16 
22/06/2008  33.5   5.1    28     16 
23/06/2008  0.4    2.5    28.5   15 
24/06/2008  1.6    2.3    28.7   15.4 
25/06/2008  0      2.9    29.2   15 
26/06/2008  0      2.5    30.2   15.4 
27/06/2008  0.4    3      30     15.6 
28/06/2008  1.6    4.2    31     15.3 
29/06/2008  13.6   4      28     15.6 
30/06/2008  8.3    3      27.8   15.8 
01/07/2008  0     Nulo    23.3   15.7 
02/07/2008  9      2.8    26.2   16 
03/07/2008  0.2    2.7    27.3   15.8 
04/07/2008  0      3.5    29.8   15 
05/07/2008  5.4    2      28.4   16.8 
06/07/2008  50.5   3.5    26.2   16.4 
07/07/2008  0.4    1.8    23.7   16 
08/07/2008  9.5    2      24.3   16 
09/07/2008  0.6    1.5    25     15.6 
10/07/2008  5.6    4.1    28.3   15 
11/07/2008  0      2.9    26.5   15.4 
12/07/2008  0.1    1.5    29.2   14.2 
13/07/2008  9.4    4.8    29     15 
14/07/2008  0      3.8    27.5   15.6 
15/07/2008  3      4.6    30.7   15 
16/07/2008  3.8    3      29     14 
17/07/2008  18.4   3.7    28.8   13.8 
18/07/2008  0      3.1    28.3   13 
19/07/2008  4.2    2.8    28     15 
20/07/2008  0      2.4    27.5   14.4 
21/07/2008  0      3      29.5   15 
22/07/2008  1.7    2.6    29     15.8 
23/07/2008  0      3.8    29.8   14.8 
24/07/2008  0.8    2.5    30.7   17 
25/07/2008  9.6    2.8    28.2   17 
26/07/2008  0      4.4    29     14 
27/07/2008  0      5.5    28.8   14.6 
28/07/2008  0      4.6    31.2   15 
29/07/2008  4.2    2.8    30.5   16.8 
30/07/2008  8.7    2.3    30     15.4 
31/07/2008  0.2    4.6    28.7   13.5 
01/08/2008  0      5.1    29.2   14 
02/08/2008  15     3.2    29.2   16.2 
03/08/2008  0      4.2    29     14.8 
04/08/2008  7.2    2.6    28.2   14.8 
05/08/2008  0.3    1.9    29     16 
06/08/2008  0.6    2.8    29     15 
07/08/2008  0      3.6    27     15.6 
08/08/2008  6.8    1.6    27.7   15 
09/08/2008  0      3.2    30.6   13.5 
10/08/2008  0      2.7    29.4   13.4 
11/08/2008  0.6    3.4    29.5   17 
12/08/2008  10.4   2.6    28.5   16 
13/08/2008  0.1    4      28.8   14.8 
14/08/2008  1.7    4.7    30     16 
15/08/2008  0      2.4    30.3   15.4 
16/08/2008  16.6   3.3    29.5   15.3 
17/08/2008  0      4.2    28.5   16 
18/08/2008  11     3.5    29.5   16 
19/08/2008  1.3    1.4    28.6   16 
20/08/2008  4.5    3      28     17.2 
21/08/2008  0.1    3.8    28.3   13.8 
22/08/2008  3.8    3.5    27.8   14 
23/08/2008  5      3.2    26     15.3 
24/08/2008  0      3.2    28     13 
25/08/2008  0.6    2.7    29.3   16.6 
26/08/2008  5.7    1.8    26.8   17 
27/08/2008  29.5   2.8    25     16.8 
28/08/2008  0      2.3    27     15 
29/08/2008  20.5   2      27.2   15.4 
30/08/2008  0.5    4.1    28     16 
31/08/2008  0      3.2    26.5   16 
01/09/2008  0      2.9    27.3   14.8 
02/09/2008  14.2   3.3    29.3   17 
03/09/2008  0      3.2    29     16.4 
04/09/2008  0.8    4.1    30.2   17 
05/09/2008  0      4      29.2   16 
06/09/2008  2      2.9    28.8   16 
07/09/2008  1.4    2.5    26     17.4 
08/09/2008  0      3.3    27.5   16.8 
09/09/2008  5.2    1.9    26.3   16 
10/09/2008  0.8    2.1    27     16.8 
11/09/2008  0      4      27.7   17 
12/09/2008  0      2.8    28.2   16.8 
13/09/2008  14.8   2.5    29.5   17.3 
14/09/2008  10.8   1.8    27     16 
15/09/2008  4      2.1    24.3   16 
16/09/2008  0      3.5    27.3   15 
17/09/2008  0      3.3    29.8   14 
18/09/2008  5.3    2.2    28     15 
19/09/2008  2.8    2.8    28.7   13.4 
20/09/2008  27     6.6    26.8   15.5 
21/09/2008  9.3    3.3    29.6   15.4 
22/09/2008  0      2.2    26.5   15 
23/09/2008  1.1    3      28.5   16 
24/09/2008  12.3   3.8    27.8   16 
25/09/2008  17.8   3.7    27.7   15.8 
26/09/2008  0      2.7    26.3   13.6 
27/09/2008  5      3.8    29.5   14 
28/09/2008  9.6    4.4    28.2   14 
29/09/2008  0      4.9    27.7   14 
30/09/2008  0      5.6    27.5   10.4 
01/10/2008  0      5.5    27     11 
02/10/2008  0      4.7    27.3   10 
03/10/2008  0      3.5    28.3   8.4 
04/10/2008  0      4.4    29     13.2 
05/10/2008  0      3.9    28.8   13 
06/10/2008  0      2.7    28.7   13.5 
07/10/2008  0      3.5    29.3   15 
08/10/2008  0      2.9    29.5   14.8 
09/10/2008  0      3.6    29.5   11.8 
10/10/2008  0      3      28     16 
11/10/2008  14.7   0.9    22     17 
12/10/2008  0      3.4    27     16 
13/10/2008  19.4   5.3    29.7   12.8 
14/10/2008  0.4    2.6    27.3   14 
15/10/2008  2.4    3.1    28     10 
16/10/2008  0      4.1    28.8   12 
17/10/2008  0      3.9    28.8   15.4 
18/10/2008  0      3.7    27     15.3 
19/10/2008  0      4.2    27.7   14.4 
20/10/2008  0      3.2    28.8   13.2 
21/10/2008  0      3.5    29     13.2 
22/10/2008  0      2.8    27.8   13 
23/10/2008  0      2.5    27.5   10.3 
24/10/2008  3.4    0.5    20.8   14.7 
25/10/2008  0      2.3    27     13 
26/10/2008  0      3.7    28.8   12 
27/10/2008  0      4.6    28.5   11.4 
28/10/2008  0      3.5    22     13.4 
29/10/2008  0      2.6    23.3   11 
30/10/2008  0      2.8    25.5   8.4 
31/10/2008  0      4.2    26.5   11.4 
01/11/2008  0      3.9    26.4   10.5 
02/11/2008  0      3.8    27     9.4 
03/11/2008  0      2.5    27.5   9.4 
04/11/2008  0      3.5    27.7   10 
05/11/2008  0      3.5    27.2   13 
06/11/2008  0      3.7    28.3   11.8 
07/11/2008  0      3.8    27.3   11.4 
08/11/2008  0      3.7    27     9 
09/11/2008  0      3.5    26     7.2 
10/11/2008  0      3.2    25.8   6.8 
11/11/2008  0      3.2    28     6.4 
12/11/2008  0      3.2    27     6 
13/11/2008  0      3.2    25.2   5 
14/11/2008  0      3.5    25.7   4.8 
15/11/2008  0      2.8    28     4.5 
16/11/2008  0      3.3    25     10 
17/11/2008  0      3.9    24.8   7 
18/11/2008  0      3.8    24     7 
19/11/2008  0      2.5    22.5   7.5 
20/11/2008  0      2.9    25.3   3.8 
21/11/2008  0      3.3    24.8   4 
22/11/2008  0      2.3    24     10 
23/11/2008  0      2.8    26     6.2 
24/11/2008  0      2.7    27     5.8 
25/11/2008  0      3.2    25.3   9 
26/11/2008  0      2.6    27.5   6 
27/11/2008  0      2.8    28     10.5 
28/11/2008  0      3      28.2   8.4 
29/11/2008  0      2.1    24.6   7.7 
30/11/2008  0      3      24.5   8 
01/12/2008  0      2.7    25.2   6.4 
02/12/2008  0      2.7    26     4.2 
03/12/2008  0      2.6    24.5   4 
04/12/2008  0      2.3    24.8   3.6 
05/12/2008  0      2.8    25.7   3.6 
06/12/2008  0      2.2    26.5   3 
07/12/2008  0      2.1    27     4.4 
08/12/2008  0      2.3    25.2   6 
09/12/2008  0      2.2    24     4.2 
10/12/2008  0      2.3    26.2   3 
11/12/2008  0      2      20     4.2 
12/12/2008  0      2.2    25.2   0.4 
13/12/2008  0      2.4    24     3.5 
14/12/2008  0      2.6    25     2 
15/12/2008  0      2.2    27     0.8 
16/12/2008  0      1.8    25.7   5.2 
17/12/2008  0      2.8    27     4.6 
18/12/2008  0      2.4    28     4.8 
19/12/2008  0      2.8    29     5 
20/12/2008  0      2.3    27     5.5 
21/12/2008  0      2.5    27.3   7.8 
22/12/2008  0      2.8    25     10.2 
23/12/2008  0      3      23.7   8.3 
24/12/2008  0      2.3    25     3.7 
25/12/2008  0      2.4    26.2   4.7 
26/12/2008  0      2.7    26     5 
27/12/2008  0      2.3    25.5   4 
28/12/2008  0     Nulo    25.9  Nulo
29/12/2008  0      2.2    26.2   6.5 
30/12/2008  0      2.1    25.7   7.8 
31/12/2008  0      2      26.7   7 
01/01/2009  0      2.7    26.8   6.7 
02/01/2009  0      2.3    27     6.5 
03/01/2009  0      2.1    24.7   6.3 
04/01/2009  0      3.2    26.2   6.5 
05/01/2009  0      3.2    26.2   6.5 
06/01/2009  0      2.3    24.5   4.3 
07/01/2009  0      2.6    27     4.8 
08/01/2009  0      2.3    28.2   4 
09/01/2009  0      2.7    28     4.7 
10/01/2009  0      2.5    27.3   5.2 
11/01/2009  0      2.6    26.3   7 
12/01/2009  0      2.6    26.3   7 
13/01/2009  0      2.3    25     6.7 
14/01/2009  0      1.8    26.8   7 
15/01/2009  3.8    1      26.5   9.3 
16/01/2009  0      2.5    23.2   10.3 
17/01/2009  0      3.1    24.7   11 
18/01/2009  0     Nulo    26.5   9.3 
19/01/2009  0      2.7    28     6.2 
20/01/2009  0      2.8    27.5   9 
21/01/2009  0      3.2    27     11 
22/01/2009  0      3.4    28.2   10.8 
23/01/2009  0      2.2    28     11.8 
24/01/2009  0      3      29.5   10 
25/01/2009  0      2.7    28     10.2 
26/01/2009  0      3.5    29     13 
27/01/2009  0      3.3    28.5   8.6 
28/01/2009  0      4.1    30.7   7.4 
29/01/2009  0      4      28.2   8.4 
30/01/2009  0      3.6    27.8   5.4 
31/01/2009  0     Nulo    28.8   7.4 
01/02/2009  0      3.2    28     5.2 
02/02/2009  0      3.7    28     4.8 
03/02/2009  0      3.9    27.5   5.4 
04/02/2009  0      3.7    27     6.8 
05/02/2009  0      4.8    25     8.5 
06/02/2009  0      4.8    27     3.4 
07/02/2009  0      4.3    29     5.8 
08/02/2009  0     Nulo    27.3   9.8 
09/02/2009  0      4.1    27     7 
10/02/2009  0      4.6    26     7 
11/02/2009  0      4.4    29     3.6 
12/02/2009  0      4.4    28.5   5.8 
13/02/2009  0      4.4    28.5   6 
14/02/2009  0      4.6    30     7 
15/02/2009  0     Nulo    30.2   7.4 
16/02/2009  0      4.9    30     11.2 
17/02/2009  0      5.2    30.5   12 
18/02/2009  0      5.3    31     7.6 
19/02/2009  0      5.5    34     6.4 
20/02/2009  0      5.1    30.5   7.8 
21/02/2009  0      5.3    30     6.2 
22/02/2009  0     Nulo    31.1   7.2 
23/02/2009  0      7.3    28.5   12.4 
24/02/2009  0      5.9    30     4.6 
25/02/2009  0      5.1    32     5.5 
26/02/2009  0      6      33     7 
27/02/2009  0      5.6    34     7.8 
28/02/2009  0     Nulo    32     6.2 
01/03/2009  0      6.9    30.6   11.6 
02/03/2009  0      5.3    31.2   10.4 
03/03/2009  0      6.8    32.8   7 
04/03/2009  0      5.8    34.2   7.8 
05/03/2009  0      5.1    32.7   8.4 
06/03/2009  0      4.8    30.5   10 
07/03/2009  0      5.7    31     7 
08/03/2009  0      6.4    31.5   6 
09/03/2009  0      6      32     6.4 
10/03/2009  0      5.4    31     7.2 
11/03/2009  0      5.6    31     8 
12/03/2009  0      5.5    32.2   8 
13/03/2009  0      5.4    30.7   8.2 
14/03/2009  0      4.8    30     7.4 
15/03/2009  0      5.6    29.4   8 
16/03/2009  0      5.8    32.5   7 
17/03/2009  0      4.2    32     9.4 
18/03/2009  0      4.9    33     9.6 
19/03/2009  0      6.2    33.8   9 
20/03/2009  0      4.6    34.5   8.4 
21/03/2009  0      6.3    32.2   10 
22/03/2009  0      6      31.5   8 
23/03/2009  0      5.7    31.5   9 
24/03/2009  0      5.7    33     10.4 
25/03/2009  0      6.3    31     10.8 
26/03/2009  0      5.8    31.2   8.4 
27/03/2009  0      5.1    29.5   6 
28/03/2009  0      6.5    29.5   7.3 
29/03/2009  0      6.2    29.5   5.4 
30/03/2009  0      5.8    31     5 
31/03/2009  0      6.5    32.2   6.6 
01/04/2009  0      6.3    30     6.8 
02/04/2009  0      6.4    31.8   6 
03/04/2009  0      5.7    30     7.4 
04/04/2009  0      5.8    32     7.8 
05/04/2009  0      6.6    35.5   9 
06/04/2009  0      6.9    34.3   12.8 
07/04/2009  0      7.2    33.8   11 
08/04/2009  0      6.1    34.7   8 
09/04/2009  0      6.8    35.3   12.2 
10/04/2009  0      6.2    34.8   9 
11/04/2009  0      6.4    30     7.5 
12/04/2009  0      6.2    34     8.6 
13/04/2009  0      6.7    32.3   9 
14/04/2009  0      6.7    33.2   8.4 
15/04/2009  0      6.8    31.8   8.8 
16/04/2009  0      7.4    32.5   7.2 
17/04/2009  0      6.4    32     7 
18/04/2009  0      6.6    30.5   9 
19/04/2009  0      7      34     10.8 
20/04/2009  0      7      35.2   9.2 
21/04/2009  0      6.8    39     11 
22/04/2009  0      6      33.8   10 
23/04/2009  0      6.4    35     9.4 
24/04/2009  0      5.9    36.7   8.8 
25/04/2009  0      7      34.6   9.2 
26/04/2009  0      7.6    34     11.6 
27/04/2009  0      6.6    33.8   9.2 
28/04/2009  0      6.9    36.8   12 
29/04/2009  0      7      35.7   11.8 
30/04/2009  0      7.5    35     11 
01/05/2009  0      7.3    35     10.4 
02/05/2009  0      7.1    36     10.2 
03/05/2009  0      6.4    34     10.5 
04/05/2009  0      6.3    35     10 
05/05/2009  0      6.4    34.8   14 
06/05/2009  0      6.3    34     12.8 
07/05/2009  0      6.7    35.8   12 
08/05/2009  0      5.8    32.7   14.8 
09/05/2009  0      8.6    33     13 
10/05/2009  0      6.8    34     12 
11/05/2009  0      6.5    33.5   14 
12/05/2009  0      6.2    33     13.8 
13/05/2009  0      4.2    34.5   12.6 
14/05/2009  1.3    3.9    35     12 
15/05/2009  1.3    4.1    33.2   15.4 
16/05/2009  0      3.3    32.5   14 
17/05/2009  2      2.9    31.5   13.6 
18/05/2009  5.6    3.5    29.5   15.5 
19/05/2009  4      3.7    32.8   14 
20/05/2009  0      3.2    30.7   14.6 
21/05/2009  3      4.5    32     15 
22/05/2009  0.4    4.3    32.5   13.4 
23/05/2009  0      4.6    31.5   12 
24/05/2009  0      6.5    32.6   12 
25/05/2009  0      7.3    32.5   11 
26/05/2009  0      6.5    32.5   8.6 
27/05/2009  0      7.3    33     12.6 
28/05/2009  0      7.8    33.8   12 
29/05/2009  0      7.3    36.5   11 
30/05/2009  0      7.3    35     11.2 
31/05/2009  1      5.2    35     12.8 
01/06/2009  0      5.8    35.8   13.3 
02/06/2009  1.8    4.8    34.7   14 
03/06/2009  2      6.1    36.2   12 
04/06/2009  4      4.6    33.2   15 
05/06/2009  0      5.2    35     15 
06/06/2009  0      4.9    34.5   15 
07/06/2009  0      6.7    34.6   15 
08/06/2009  0      6.8    33     14.6 
09/06/2009  0      7.1    34.8   14 
10/06/2009  0      7.2    35     15 
11/06/2009  0      4.9    36.5   16 
12/06/2009  0      2.6    35     16 
13/06/2009  0      6      35.6   18 
14/06/2009  0      5.7    33.8   18 
15/06/2009  0      5.4    31.8   17.8 
16/06/2009  5      5.7    35     18 
17/06/2009  0.1    3.3    31     14.5 
18/06/2009  0      6.3    32     16.6 
19/06/2009  0      3.5    30     16.6 
20/06/2009  4.4    2.5    29     14.7 
21/06/2009  0.6    1.8    28.5   16.2 
22/06/2009  5.5    2.4    30     17 
23/06/2009  0.6    1.5    21     16 
24/06/2009  0      6      30.7   19.6 
25/06/2009  0      5.5    32.8   12 
26/06/2009  0      2.5    32.3   15 
27/06/2009  2.6    2      29.5   16.5 
28/06/2009  6.1    0.8    27.4   16.4 
29/06/2009  0      5.6    29.5   15.6 
30/06/2009  0      5.9    31.2   16.3 
01/07/2009  26     5.1    31.5   15.2 
02/07/2009  6.5    2.7    28     15 
03/07/2009  0      3.3    27.3   16.7 
04/07/2009  0.2    2.2    27     17 
05/07/2009  0      4.5    28     15.6 
06/07/2009  2      5.6    33     12.6 
07/07/2009  0.6    3.9    31.8   14.9 
08/07/2009  0      4.6    32     16.8 
09/07/2009  2.4    2.3    32.3   16.4 
10/07/2009  16     5.3    31.2   17 
11/07/2009  9      3      29.5   16 
12/07/2009  4.2    5.2    30     15.4 
13/07/2009  4.8    5.8    29.3   15 
14/07/2009  9.8    3.6    30.8   14 
15/07/2009  3.2    4.7    30     17 
16/07/2009  0.5    4.8    31.8   15.6 
17/07/2009  5      3.1    31     17.8 
18/07/2009  14.3   4      29     14.8 
19/07/2009  0      5      30.6   15 
20/07/2009  0      5.3    32.5   19 
21/07/2009  0.7    2.8    29     17 
22/07/2009  0      4.3    30.2   12.6 
23/07/2009  9.2    3.1    30.5   16.4 
24/07/2009  15.5   1.4    30.8   12.6 
25/07/2009  2.2    2.8    29     17 
26/07/2009  0      4.7    30     16.8 
27/07/2009  0      4.5    29.5   15.4 
28/07/2009  0      4.7    29.5   17 
29/07/2009  0      4      28.8   17.8 
30/07/2009  0      4.4    33     15 
31/07/2009  4.2   Nulo    32.3   18.4 
01/08/2009  0.2    4.6    28     15.8 
02/08/2009  0.6    4.5    31.5   18 
03/08/2009  0.4    1.7    29.2   15 
04/08/2009  0      5.7    30.3   17 
05/08/2009  5.8    3      31.5   17.8 
06/08/2009  0      4.1    30.5   16.4 
07/08/2009  0      3.2    29.2   15.8 
08/08/2009  1      5.4    29.6   13 
09/08/2009  1.4    5.4    29.5   12.6 
10/08/2009  0      3      27.5   16 
11/08/2009  0      3.6    30.3   16 
12/08/2009  13.8   4.4    31.6   15.4 
13/08/2009  4.5    1.5    30.8   14.4 
14/08/2009  0      2.3    32     14 
15/08/2009  0      2.2    29.6   16 
16/08/2009  1.5    4      30.8   17.4 
17/08/2009  0.3    3.3    30.3   16.2 
18/08/2009  13.1   1.5    30.5   16 
19/08/2009  6.6    0.9    29.8   13 
20/08/2009  5      4.2    28.8   16.6 
21/08/2009  65     2.9    29.2   17 
22/08/2009  4      3.3    28.8   17 
23/08/2009  0      4.8    28.4   15.8 
24/08/2009  0.7    4.8    30.8   13.8 
25/08/2009  0      4.6    31.8   13 
26/08/2009  1.3    4.9    29.8   17 
27/08/2009  10.7   5.5    31     13.6 
28/08/2009  6.2    2.6    28.2   16 
29/08/2009  9.7    3.5    27     16 
30/08/2009  0.3    3      23.6   15.4 
31/08/2009  0      4.5    27     16.8 
01/09/2009  0.6    4.1    29.8   15.4 
02/09/2009  13     3.5    26.5   17.8 
03/09/2009  0      3.7    29.3   15 
04/09/2009  0      2.2    29.2   17.4 
05/09/2009  3.4    2.9    29.5   17 
06/09/2009  0      5.4    30.5   17 
07/09/2009  0      4.1    30.2   15 
08/09/2009  3.7    2.2    28.8   16 
09/09/2009  41.8  Nulo    29.8   16 
10/09/2009  3.8    2.6    28.3   17 
11/09/2009  0      2.3    26.2   16 
12/09/2009  0      4.3    28     16.5 
13/09/2009  0.3    4.8    29     17.2 
14/09/2009  0      6.1    28.3   17.4 
15/09/2009  0.1    3.8    29.3   17 
16/09/2009  0.5    3.7    28.8   16 
17/09/2009  1.1    4.5    30     15.8 
18/09/2009  0      4.3    29     17.4 
19/09/2009  0      4.9    30     15 
20/09/2009  2.4    4.8    30     17 
21/09/2009  2.1    3.2    29.8   15.5 
22/09/2009  0      4.1    30.7   14 
23/09/2009  1.4    4.2    28.8   18 
24/09/2009  10.2   5.9    31.3   17.4 
25/09/2009  4.5    4      29.5   15 
26/09/2009  4      1.7    26.5   16.2 
27/09/2009  4.1    2.2    27.2   16 
28/09/2009  9.8    2.9    24.8   18 
29/09/2009  0      5.3    28.8   14 
30/09/2009  0      5.7    29     15.8 
01/10/2009  0      5.6    30     16.4 
02/10/2009  0      5.2    31     16 
03/10/2009  0      5.1    31     17.5 
04/10/2009  0      5.2    30.6   17.8 
05/10/2009  0      5.7    31.5   17 
06/10/2009  0      4.3    31.8   17.6 
07/10/2009  11.8   4.2    30     18.6 
08/10/2009  10.8   1      23.7   17.4 
09/10/2009  0      2.9    25.2   16.6 
10/10/2009  0      5.2    28     16.2 
11/10/2009  2.4    5.1    26     16 
12/10/2009  0.7    2.7    24.6   16 
13/10/2009  0      4.8    29.5   13.8 
14/10/2009  0      5      30     15 
15/10/2009  0      4      27     19.8 
16/10/2009  0      5.3    31.3   16.4 
17/10/2009  0      5      27.7   16 
18/10/2009  0      4.2    25.5   16 
19/10/2009  0      3.6    23.2   15.2 
20/10/2009  5.2    5.2    26.8   16 
21/10/2009  11.6   3.1    20.3   14.5 
22/10/2009  0      4.2    27.8   13.8 
23/10/2009  0      3.7    27.6   13.2 
24/10/2009  2.6    2.2    23.7   16.5 
25/10/2009  0      3.5    27.5   13 
26/10/2009  0      2      23.8   12.8 
27/10/2009  3.6    2.4    26.3   13 
28/10/2009  0.6    2.8    25     14.4 
29/10/2009  0      2.5    25.5   16 
30/10/2009  0      3.2    27.7   12.6 
31/10/2009  0      3.9    29.5   12.5 
01/11/2009 Nulo    4.8    27.8   14 
02/11/2009 Nulo    5.6    29.2   11.4 
03/11/2009 Nulo    8.9    27.8   9 
04/11/2009 Nulo    5      26.2   10 
05/11/2009 Nulo    8.4    26.3   11 
06/11/2009 Nulo    4.2    25.3   9.6 
07/11/2009 Nulo    3.7    27     8 
08/11/2009 Nulo    4.4    26.5   7 
09/11/2009 Nulo    3.7    27.5   7.4 
10/11/2009 Nulo    4.6    27.7   9 
11/11/2009 Nulo    4.5    27     11 
12/11/2009 Nulo    4.9    27     11 
13/11/2009 Nulo    3.7    27.5   6.8 
14/11/2009 Nulo    4.4    27.8   7.8 
15/11/2009 Nulo    4.8    27     10 
16/11/2009 Nulo    4      28.2   8 
17/11/2009 Nulo    3.5    26     10 
18/11/2009 Nulo    4.7    26     11 
19/11/2009 Nulo    4      25.8   7.4 
20/11/2009 Nulo    4      26.7   7.4 
21/11/2009 Nulo    4      26     7.5 
22/11/2009 Nulo    4.9    24     9.8 
23/11/2009 Nulo    3.6    25.5   4 
24/11/2009 Nulo    3.9    25.2   6 
25/11/2009 Nulo    3.3    25.5   6 
26/11/2009 Nulo    2.6    25.2   7.6 
27/11/2009 Nulo    1.2    22     13 
28/11/2009 Nulo    3.8    26     7.2 
29/11/2009 Nulo    3.2    25.5   10 
30/11/2009 Nulo    4.1    26     10.8 
01/12/2009  2.7    1.1    19.2   14 
02/12/2009  0      4      22.5   6.4 
03/12/2009  0.7    2.9    22.6   8 
04/12/2009  0      3.5    23.5   13 
05/12/2009  1      2.5    23.5   8 
06/12/2009  0      1.5    20     14 
07/12/2009  0      3.3    25     11.4 
08/12/2009  0      2.5    25.8   10.6 
09/12/2009  0      3.2    26.2   8.6 
10/12/2009  0      3.4    26.5   7.4 
11/12/2009  0      3.8    27     8.4 
12/12/2009  0      3.8    26.6   11.8 
13/12/2009  0      3.8    27.5   9.4 
14/12/2009  0      3.8    28.3   8 
15/12/2009  1.6    3.2    24.7   11 
16/12/2009  0.1    1.5    25     12.8 
17/12/2009  0      3.8    26.3   6 
18/12/2009  0      4.2    25.2   4.8 
19/12/2009  0      3.8    23     3.5 
20/12/2009  0      3.7    22.8   2.4 
21/12/2009  0      3.9    23.7   3 
22/12/2009  0      4.3    22.7   3.4 
23/12/2009  0      4.1    21     3.8 
24/12/2009  0      3.3    23.3   2 
25/12/2009  0      4      22.6   6 
26/12/2009  0      2.2    22     5.5 
27/12/2009  0     Nulo   Nulo   Nulo
28/12/2009  0      3.8    25.2   3.3 
29/12/2009  0      4.1    22.8   13.8 
30/12/2009  0      3.3    25.7   10.2 
31/12/2009  0      3.8    26.8   8.6 
01/01/2010  0      2.9    26.2   8.8 
02/01/2010  10.8   0.6    15.5   12.5 
03/01/2010  0     Nulo   Nulo   Nulo
04/01/2010  0      2.9    22     8.8 
05/01/2010  0      2.3    22.2   8 
06/01/2010  0      1.1    19.5   9.4 
07/01/2010  3.3    1.2    22.2   8.2 
08/01/2010  0      0.8    17.5   11.7 
09/01/2010  0      3.1    24     7.5 
10/01/2010  0     Nulo   Nulo   Nulo
11/01/2010  0      2.9    22     7.4 
12/01/2010  0      2      22.3   10 
13/01/2010  0      2.3    24.5   8 
14/01/2010  0      3.2    22.7   5.2 
15/01/2010  0      4.8    19.5   11 
16/01/2010  0      3.7    21.5   1 
17/01/2010  0     Nulo   Nulo   Nulo
18/01/2010  0      3.8    25.2   4.8 
19/01/2010  0      4      25.5   6 
20/01/2010  0      4.7    25.8   5 
21/01/2010  0      4.9    25.2   4 
22/01/2010  0      4.9    28.3   2 
23/01/2010  0      5      27     2 
24/01/2010  0      4.7    27     2.6 
25/01/2010  0      3.9    25.2   4.4 
26/01/2010  0      4.7    25.5   10.5 
27/01/2010  0      5.8    25.2   9 
28/01/2010  0      5.6    24.3   8 
29/01/2010  0      4.9    25     6 
30/01/2010  0      4.4    24.2   8.2 
31/01/2010  2.5    1.8    22.5   7 
01/02/2010  4.7    2.7    22.5   11 
02/02/2010  58.5   3.3    16     12 
03/02/2010  65.8   1.2    16     12 
04/02/2010  0.6    4.9    20     10 
05/02/2010  0      4      22     4 
06/02/2010  0      4.6    24.5   2 
07/02/2010  0     Nulo   Nulo   Nulo
08/02/2010  0      2      21.5   12 
09/02/2010  0      2.8    22.6   11.4 
10/02/2010  0      4.6    24     10 
11/02/2010  0      2.1    24.5   11 
12/02/2010  0      4.7    25.5   5 
13/02/2010  0      5.4    25.5   8.4 
14/02/2010  0     Nulo   Nulo   Nulo
15/02/2010  0      4.9    25.5   11 
16/02/2010  0.3    3.4    23     9.4 
17/02/2010  26     1.4    15     11 
18/02/2010  4      3.5    20     10.4 
19/02/2010  0      4      23     8 
20/02/2010  0      4.9    24.5   7.4 
21/02/2010  0     Nulo   Nulo   Nulo
22/02/2010  0      4.6    27     5 
23/02/2010  0      5.4    27.6   7.4 
24/02/2010  0      5.8    22.5   7.8 
25/02/2010  0      4.3    25.5   3 
26/02/2010  0      4.9    28     7.6 
27/02/2010  0      5.5    27.7   8 
28/02/2010  0     Nulo   Nulo   Nulo
01/03/2010  0      5.3    26.3   7 
02/03/2010  0      5.8    28.2   6 
03/03/2010  0      6.3    27.2   5 
04/03/2010  0      5.6    28     6 
05/03/2010  0      4.7    26.7   10.8 
06/03/2010  0      5      27     13.5 
07/03/2010  0      6.6    30.5   13.4 
08/03/2010  0      3.3    26.5   15.8 
09/03/2010  0      5.6    30     10 
10/03/2010  0      6.3    25.2   10.8 
11/03/2010  0      5.8    27     7.6 
12/03/2010  0      6.3    29.8   9 
13/03/2010  0      6.4    26.4   7.5 
14/03/2010  0      5.8    26     7.4 
15/03/2010  0      4.3    25.5   9.8 
16/03/2010  0      6.5    31.8   10 
17/03/2010  0      6.5    29.5   9 
18/03/2010  0      7.2    28.5   14 
19/03/2010  0      6.8    27.8   11 
20/03/2010  0      6.8    29     9 
21/03/2010  0      7.2    29     6.5 
22/03/2010  0      7.6    29.8   8 
23/03/2010  0      7.5    29     7.4 
24/03/2010  0      8.5    26.3   10 
25/03/2010  0      7.7    28.3   5 
26/03/2010  0      7.8    29.3   6.4 
27/03/2010  0      7.4    30.5   6 
28/03/2010  0      8.9    30.5   7 
29/03/2010  0      8.8    29.2   6 
30/03/2010  0      7.6    28.2   6.5 
31/03/2010  0      8      29.7   7 
01/04/2010  0      8.3    27.8   7 
02/04/2010  0      6.5    29     9 
03/04/2010  0      7.4    30     8 
04/04/2010  0      6.8    29.5   9 
05/04/2010  0      8.8    31.5   9.4 
06/04/2010  0      7.8    30.3   9.8 
07/04/2010  0      7.6    30     10.6 
08/04/2010  0      7.6    31.7   11 
09/04/2010  0      7.1    30     12 
10/04/2010  0      8.4    29.5   13.3 
11/04/2010  0      7.6    34     11.8 
12/04/2010  0      7.4    29.7   13.8 
13/04/2010  0      7.3    29     8.6 
14/04/2010  0      7.8    30.5   8.6 
15/04/2010  0      7.7    28.3   8 
16/04/2010  0      7.7    30     7 
17/04/2010  0      8.1    28.5   8.5 
18/04/2010  0      7.5    28     7.4 
19/04/2010  0      8.5    28.2   9.4 
20/04/2010  0      8      31.8   7.8 
21/04/2010  0      6.8    32     8.6 
22/04/2010  0      4.2    30     12 
23/04/2010  0      4.1    27     14 
24/04/2010  0      8.3    32.8   10.2 
25/04/2010  0      8.1    32.5   8.8 
26/04/2010  0      8.9    31     7.6 
27/04/2010  0      8.1    28.8   7.5 
28/04/2010  0      8.7    30.3   8.5 
29/04/2010  0      8.8    29.5   8.3 
30/04/2010  0      8.7    28.2   6 
01/05/2010  0      7.9    27     8 
02/05/2010  0      8.1    29     8 
03/05/2010  0      7.9    34     8 
04/05/2010  0      8.2    33.5   11 
05/05/2010  0      8.9    35.7   13 
06/05/2010  0      9.1    34     13.4 
07/05/2010  0      7.9    33.7   11.6 
08/05/2010  0      8.7    34.5   14 
09/05/2010  0      9.1    35     14 
10/05/2010  0      9.2    35     16 
11/05/2010  0      6.1    33     15.8 
12/05/2010  0      4      29.3   15.4 
13/05/2010  0      8.5    33     13 
14/05/2010  0      8.9    34.5   11 
15/05/2010  0      9.6    32     13 
16/05/2010  0      6      32     14 
17/05/2010  0      7.8    34.8   15 
18/05/2010  0      9.1    36.2   14 
19/05/2010  0      9.2    36.2   15.5 
20/05/2010  0      7.7    35.5   13 
21/05/2010  0      7.8    35.3   14 
22/05/2010  0      8.4    34     15 
23/05/2010  0      8.5    34.5   13.4 
24/05/2010  0      7.8    36     13.4 
25/05/2010  0      9.2    36.2   12.4 
26/05/2010  0      8.1    33.4   14 
27/05/2010  0      9.6    33.2   14.8 
28/05/2010  0      9.5    32.3   12 
29/05/2010  0      10.3   32.8   7.6 
30/05/2010  0      8.4    32.5   9.8 
31/05/2010  0      8      32.8   9 
01/06/2010  0      7.8    31.2   13.4 
02/06/2010  0      7.7    34     10.4 
03/06/2010  0      7.9    34.6   11.5 
04/06/2010  0      8.8    35     10.8 
05/06/2010  0      9.3    33.5   15 
06/06/2010  0      8.1    33     15 
07/06/2010  0      9.1    33.2   16 
08/06/2010  0      9.1    33.3   14.4 
09/06/2010  0      8.1    33.2   15 
10/06/2010  0      8      31.3   15 
11/06/2010  0     Nulo   Nulo   Nulo
12/06/2010  6.6    5.4    30.4   16.3 
13/06/2010  3.2    5      30.6   17 
14/06/2010  0      4.3    32.2   17.6 
15/06/2010  0.7    4.6    31.7   17 
16/06/2010  0.4    4.3    31.5   17.8 
17/06/2010  8.8    3.4    29.3   18 
18/06/2010  8      2.2    26.5   17.4 
19/06/2010  0.5    3.5    31     17 
20/06/2010  14.9   3.2    28     17 
21/06/2010  0      4.8    30     16.6 
22/06/2010  1      4      30.7   16 
23/06/2010  0.4    5.3    32     17.4 
24/06/2010  1      3.8    30.2   17 
25/06/2010  0      4.4    31.3   16.6 
26/06/2010  19.2   7.5    31     18 
27/06/2010  5.2    6.1    30.1   15.8 
28/06/2010  0     Nulo   Nulo   Nulo
29/06/2010  0      2.8    28.5   18 
30/06/2010  4.6    3.7    28.2   17 
01/07/2010  0      3.2    25     17.8 
02/07/2010  0      2.9    27     17.8 
03/07/2010  0      2.2    25     17.6 
04/07/2010  0      2.5    24     1.4 
05/07/2010  0      3.9    27.5   17 
06/07/2010  0      6.3    30     15.4 
07/07/2010  0      5.4    29.8   17 
08/07/2010  0      4      28     17.6 
09/07/2010  0      4      26.8   15.4 
10/07/2010  0      2.5    26.5   17.3 
11/07/2010  3      5.7    29     16 
12/07/2010  0      3.9    28.8   17.4 
13/07/2010  0      4.3    30     16.4 
14/07/2010  0      3.2    28     16 
15/07/2010  0      4.9    26.5   17 
16/07/2010  0      4.6    29.3   16.4 
17/07/2010  0      4.4    29     16.7 
18/07/2010  0      3.5    29.5   15 
19/07/2010  0      4.3    29.3   18 
20/07/2010  0      3.4    30     16.4 
21/07/2010  0      4.5    28.8   17.4 
22/07/2010  0      3      27.2   17 
23/07/2010  0      2.3    25.5   17 
24/07/2010  0      3.2    26     16.8 
25/07/2010  0      5.1    29     16.4 
26/07/2010  0      5.1    29.5   18 
27/07/2010  0      3.1    27.7   17 
28/07/2010  2.2    2.4    24.7   16.4 
29/07/2010  0      3      26.7   17 
30/07/2010  0      4.3    29     16 
31/07/2010  0      4.1    29.6   16 
01/08/2010  0      5.1    30     17 
02/08/2010  6.9    5.8    31.2   17.6 
03/08/2010  0.7    4.3    29     18 
04/08/2010  1.1    4.9    30     16.8 
05/08/2010  0      3.8    27.8   16 
06/08/2010  2.3    2.6    27.8   17 
07/08/2010  0      4.8    29     16 
08/08/2010  15.2   5.4    30.6   16.6 
09/08/2010  4.6    5.6    30     17 
10/08/2010  9.2    6.6    29.8   18 
11/08/2010  8.4    5.2    30     16 
12/08/2010  5.2    4.2    30.5   16.8 
13/08/2010  14.4   1.9    26.3   16.8 
14/08/2010  1.6    1.7    24     16.5 
15/08/2010  0      3.3    25.5   16.8 
16/08/2010  2.4    5.6    29     16 
17/08/2010  9      2.3    26     16.4 
18/08/2010  0      2.3    25.5   17 
19/08/2010  0.6    5.2    27.7   17.4 
20/08/2010  4.4    5.1    28.5   16.4 
21/08/2010  6.2    3.9    28.5   15.3 
22/08/2010  28.6   7.2    30.2   18 
23/08/2010  6.4    6.9    29     16 
24/08/2010  0      6      30     15.4 
25/08/2010  0      3.2    23.8   19 
26/08/2010  0      4.9    30     16.8 
27/08/2010  0      4.1    29.3   17 
28/08/2010  1.7    4.5    31.5   17.5 
29/08/2010  9.7    4.1    29.5   17 
30/08/2010  3.1    3.6    30     17 
31/08/2010  7.6    2.9    27.8   18 
01/09/2010  16.7   3      26     17.2 
02/09/2010  1.1    4.1    28     17 
03/09/2010  30.1   6.9    29     17 
04/09/2010  5.8    3.3    29     17 
05/09/2010  20.8   3.3    27     16.8 
06/09/2010  2      3.8    27.5   17.8 
07/09/2010  0      3      24.8   17 
08/09/2010  0      4.1    27.3   17 
09/09/2010  0      8.6    28.7   16.8 
10/09/2010  0.8    3      28     17.4 
11/09/2010  0      2.8    29     15.5 
12/09/2010  3.7    3.7    29     17 
13/09/2010  0.3    4.7    29.7   16 
14/09/2010  3.2    4      30     15.4 
15/09/2010  5.4    4.1    28.2   17 
16/09/2010  0      5.7    30.2   16.8 
17/09/2010  0      3.5    27     17.8 
18/09/2010  10.4   3.5    29     18.3 
19/09/2010  11.9   2.3    25     17.6 
20/09/2010  22     1.3    23.2   16.8 
21/09/2010  0.2    3.1    27.6   16 
22/09/2010  9.2    3.9    27.7   16.8 
23/09/2010  0.2    4.8    28.2   16.8 
24/09/2010  0.2    3.7    28.5   17 
25/09/2010  0      4.6    28.5   17.2 
26/09/2010  15     5.1    28.5   18 
27/09/2010  25.4   5      27.3   16 
28/09/2010  15.3   5.2    27.7   16.4 
29/09/2010  0      5.6    30     17 
30/09/2010  1      4      29     16 
01/10/2010  0      6.5    28.3   14.6 
02/10/2010  0      6.1    29     10 
03/10/2010  0      5.6    28     11.2 
04/10/2010  0      5.4    26.7   13.8 
05/10/2010  0      5.2    26.8   12.4 
06/10/2010  0      5.2    27.2   14 
07/10/2010  0      5.6    27.3   14.4 
08/10/2010  0      4.3    28.7   12.6 
09/10/2010  0      4.8    28     12.8 
10/10/2010  0      4.9    28.5   13.6 
11/10/2010  0      3.9    28     12 
12/10/2010  0      4.4    30     15 
13/10/2010  1.4    4.8    29     14.8 
14/10/2010  0      5.7    27.5   15.4 
15/10/2010  0      5.1    27     12 
16/10/2010  0      4.7    28.6   8 
17/10/2010  0      4.2    28.5   11 
18/10/2010  0      5.1    28.5   14 
19/10/2010  0      4.7    28     12 
20/10/2010  0      4.8    28.5   10 
21/10/2010  0      4.3    29.5   11 
22/10/2010  0      4.8    29.8   12 
23/10/2010  0      4.8    29     11.2 
24/10/2010  0      5.2    29     12 
25/10/2010  0      5.1    30.7   10.6 
26/10/2010  0      5.5    31.5   9 
27/10/2010  0      4.8    29     9.4 
28/10/2010  0      5.6    30.2   10.4 
29/10/2010  0      6.1    28.8   14 
30/10/2010  0      5      29.5   13.2 
31/10/2010  0      4.7    30.6   11.6 
01/11/2010  0      4.8    29.2   14.4 
02/11/2010  0      4.9    30.7   15.4 
03/11/2010  0      6.3    27     13 
04/11/2010  0      5.5    23.8   9 
05/11/2010  0      5.3    23.7   5 
06/11/2010  0      5.7    24     4.8 
07/11/2010  0      5.2    23.5   2.4 
08/11/2010  0      4.6    25     2 
09/11/2010  0      4.1    26.3   2.6 
10/11/2010  0      4      25     6 
11/11/2010  0      4.1    25.8   7 
12/11/2010  0      3.7    27     7 
13/11/2010  0      4.3    28     6.3 
14/11/2010  0      4.8    25     8.6 
15/11/2010  0      3.6    24.2   6.2 
16/11/2010  0      4.4    26     8.6 
17/11/2010  0      4.2    25.8   4 
18/11/2010  0      4.2    26.5   6.4 
19/11/2010  0      3.8    27.2   10 
20/11/2010  0      3.7    28.6   9.7 
21/11/2010  0      4.1    29     9.2 
22/11/2010  0      4.3    29     9.2 
23/11/2010  0      4.2    29.2   8.8 
24/11/2010  0      3.5    28     9.6 
25/11/2010  0      3.4    25.3   11 
26/11/2010  0      3.2    27.5   8.8 
27/11/2010  0      3.9    26     9.7 
28/11/2010  0      4      25.5   6 
29/11/2010  0      3.8    26     5 
30/11/2010  0      4.4    28.6   5.2 
01/12/2010  0      8.3    26.5   6.8 
02/12/2010  0      4.2    28     6.8 
03/12/2010  0      4.2    27.5   6.8 
04/12/2010  0      4.1    27     5.5 
05/12/2010  0      4.3    26     5.8 
06/12/2010  0      4.6    23.2   6 
07/12/2010  0      3.8    25.2   5.6 
08/12/2010  0      3.5    25.5   4 
09/12/2010  0      4.6    23.2   6 
10/12/2010  0      4.1    25.2   1.4 
11/12/2010  0      3.5    2.6    2 
12/12/2010  0      3.7    26     3 
13/12/2010  0      3.9    25.5   2.6 
14/12/2010  0      3.3    26     3 
15/12/2010  0      3.8    25     3.8 
16/12/2010  0      3.5    24     3 
17/12/2010  0      3.3    24     2.8 
18/12/2010  0      5.6    25.5   1.4 
19/12/2010  0     Nulo   Nulo   Nulo
20/12/2010  0      3.7    25     5.6 
21/12/2010  0      3.8    26     5.4 
22/12/2010  0      3.3    27     6 
23/12/2010  0      3.5    26.5   6 
24/12/2010  0      3.2    26     5.4 
25/12/2010  0     Nulo   Nulo   Nulo
26/12/2010  0      3.7    24     7.8 
27/12/2010  0      4.4    22.4   5.6 
28/12/2010  0      2.4    23     4 
29/12/2010  0      2.9    23.5   4 
30/12/2010  0      4.6    22.5   5.2 
31/12/2010  0      5.2    25     0.8 
01/02/2011  0      4.9    25.5   5.6 
02/02/2011  0      4.8    24.5   6 
03/02/2011  0      3.2    22     9.8 
04/02/2011  0      5.6    25     6.8 
05/02/2011  0      4.5    25     10.3 
06/02/2011  0      4      24.5   8 
07/02/2011  0      4.9    27     5.2 
08/02/2011  0      7.9    26     6 
09/02/2011  0      5.2    27     6.8 
10/02/2011  0      5      27     8 
11/02/2011  0      5.9    27.5   6.4 
12/02/2011  0      5.6    29.2   7 
13/02/2011  0     Nulo   Nulo   Nulo
14/02/2011  0      6.6    29     7 
15/02/2011  0      5      30.4   6.4 
16/02/2011  0      5.7    30     7.4 
17/02/2011  0      4.8    29     10.2 
18/02/2011  0      5.5    29.6   10 
19/02/2011  0      5.1    31     9 
20/02/2011  0     Nulo   Nulo   Nulo
21/02/2011  0      4.3    28     9.4 
22/02/2011  0      5.3    28.5   8.2 
23/02/2011  0      5.6    28.5   12 
24/02/2011  0      5.4    28     13 
25/02/2011  0      7.2    28.6   9 
26/02/2011  0      7.8    28     8.2 
27/02/2011  0     Nulo   Nulo   Nulo
28/02/2011  0      5.2    32     6.6 
01/03/2011  0      6.9    31.4   9 
02/03/2011  0      7.5    32     10.6 
03/03/2011  0      6.9    31     8 
04/03/2011  0      6.7    30     7.6 
05/03/2011  0      7.4    29.5   6 
06/03/2011  0     Nulo   Nulo   Nulo
07/03/2011  0      6.1    27.8   4 
08/03/2011  0      7.4    30     4 
09/03/2011  0      6.5    30.8   3.5 
10/03/2011  0      6.3    30.7   7.2 
11/03/2011  0      4.5    30     11.2 
12/03/2011  0      7.2    31     8.2 
13/03/2011  0      7      30.8   8 
14/03/2011  0      7      30.8   8.4 
15/03/2011  0      4.8    30     8.6 
16/03/2011  0      7      30     8.4 
17/03/2011  0      4.8    30.7   9.8 
18/03/2011  0      6.8    32.7   10.8 
19/03/2011  0      8.1    32.5   10.3 
20/03/2011  0      7.5    32.2   9.4 
21/03/2011  0      7.8    30.7   10 
22/03/2011  0      6.1    31     8.8 
23/03/2011  0      6.3    32     10 
24/03/2011  0      6.9    31.3   10.5 
25/03/2011  0      7      29.7   13 
26/03/2011  0      7.5    29     10.8 
27/03/2011  0      7.2    31.5   8.6 
28/03/2011  0      6.8    32     10.8 
29/03/2011  0      7      30.2   11.6 
30/03/2011  0      7.4    31.2   8.5 
31/03/2011  0      7.6    33     8.3 
01/04/2011  0      7.7    31.2   11.7 
02/04/2011  0      9      31.5   8 
03/04/2011  0      8.1    31.7   7.6 
04/04/2011  0      8.1    31.8   9.8 
05/04/2011  0      8.2    32.8   9 
06/04/2011  0      7.7    33.8   11.2 
07/04/2011  0      8.4    34.2   14.3 
08/04/2011  0      7.6    33.7   13.8 
09/04/2011  0      7.8    34.5   12.5 
10/04/2011  0     Nulo   Nulo   Nulo
11/04/2011  0      7.5    33.7   14.5 
12/04/2011  0      7.1    31.8   15.8 
13/04/2011  0      6.2    32.3   14.5 
14/04/2011  0      6.8    32.5   12.5 
15/04/2011  0      7.1    32     12.3 
16/04/2011  0      8.6    33     14.5 
17/04/2011  0     Nulo   Nulo   Nulo
18/04/2011  0      9.1    32.2   10 
19/04/2011  0      7.7    32.8   9.3 
20/04/2011  0      7.4    33.5   10.5 
21/04/2011  0      8.6    34     12.8 
22/04/2011  0      8.8    33.5   12.2 
23/04/2011  0      7.8    33     10.7 
24/04/2011  0     Nulo   Nulo   Nulo
25/04/2011  0      7.2    33     12.2 
26/04/2011  0      7.1    33.5   11 
27/04/2011  0      7.7    32     11.8 
28/04/2011  0      7.8    35.5   10.8 
29/04/2011  0      8.8    34     14.2 
30/04/2011  0      8.4    32.5   12.2 
01/05/2011  0     Nulo   Nulo   Nulo
02/05/2011  0      8.9    36.2   12.3 
03/05/2011  0      7.8    32.7   15 
04/05/2011  0      6.3    31.8   17 
05/05/2011  0      6.1    33.5   14.5 
06/05/2011  0      6.2    34.5   15.3 
07/05/2011  0      6.4    34     13.5 
08/05/2011  0     Nulo   Nulo   Nulo
09/05/2011  0      6.2    32.5   15 
10/05/2011  0      7.3    35     15 
11/05/2011  0      7.9    33     15 
12/05/2011  0      7.8    34.7   15.8 
13/05/2011  0      8.4    35     14 
14/05/2011  0      8.4    35.5   15.5 
15/05/2011  0      8.7    35     15 
16/05/2011  0      8.1    34.5   14 
17/05/2011  0      7.8    36.5   11 
18/05/2011  0      7.7    33     16 
19/05/2011  0      7.7    31.3   15 
20/05/2011  0      7.1    32.7   15.8 
21/05/2011  0      8.2    34.5   14 
22/05/2011  0      8.5    34     14.6 
23/05/2011  0      7.4    33.8   14.4 
24/05/2011  0      8.2    33.4   17.4 
25/05/2011  0      8.1    34     15 
26/05/2011  0      9.2    35     15.4 
27/05/2011  0      8      34.3   15.8 
28/05/2011  0      11.2   35     15 
29/05/2011  0      8.6    34.5   14 
30/05/2011  0      8.1    33.2   14.4 
31/05/2011  0      7.8    34.5   14.8 
01/06/2011  0      8.2    35.2   16.4 
02/06/2011  0      9      35     14.8 
03/06/2011  1.2    7.2    32.8   13.4 
04/06/2011  0      8.5    33.5   14.5 
05/06/2011  0      6      34.8   15 
06/06/2011  1.3    6.6    32.8   17 
07/06/2011  0      9      32.5   15.4 
08/06/2011  0      8      32.5   14.4 
09/06/2011  8.2    7.5    32.8   15 
10/06/2011  15.4   6.9    31.8   17.4 
11/06/2011  0      5.5    31.5   15.2 
12/06/2011  2.2    6.8    32     18 
13/06/2011  0      7.2    33.4   16 
14/06/2011  1.8    5      31.8   16.4 
15/06/2011  1.1    5.7    30.2   17.4 
16/06/2011  0      6.8    29.5   17.4 
17/06/2011  0      5.1    32.5   18 
18/06/2011  0      3.5    33     18 
19/06/2011  0      5.6    31     17.6 
20/06/2011  33.2   6.8    31     18.4 
21/06/2011  25.8   1.5    23.2   17 
22/06/2011  23.2   6.9    23.8   16.8 
23/06/2011  0      4.8    29.2   17 
24/06/2011  0.3    3.5    30     17 
25/06/2011  9      4.2    30.4   18.8 
26/06/2011  17.6   3      27     18 
27/06/2011  1.5    2.8    27.2   15.8 
28/06/2011  32.9   3.2    28     17 
29/06/2011  3      4.7    29.8   15.4 
30/06/2011  21.9   5.1    28.5   16 
01/07/2013  0.4    5      30     15.4 
02/07/2013  0      6.2    30.2   16 
03/07/2013  1.8    3.4    30     15.6 
04/07/2013  19.8   6.7    27.5   15.8 
05/07/2013  14.3   3.3    21.5   16.2 
06/07/2013  28     4.7    24     16.3 
07/07/2013  5.4    3.4    28.2   15.4 
08/07/2013  0      5.8    29.8   15 
09/07/2013  0.5    4.1    25.3   17 
10/07/2013  7.4    2.2    27.2   14.6 
11/07/2013  0      3.3    25.2   14 
12/07/2013  0      3.6    29.5   14 
13/07/2013  3      6.3    29     15.5 
14/07/2013  7.7    4.8    29     16.4 
15/07/2013  0      4.8    27.3   15 
16/07/2013  0.7    4.2    28     15.8 
17/07/2013  0      3.2    29.7   15.2 
18/07/2013  14.1   5.6    28.7   15 
19/07/2013  0.5    3.7    28.8   16 
20/07/2013  0      4.8    28.8   16.5 
21/07/2013  4      5.5    29.3   16.4 
22/07/2013  15.5   6.4    28.5   16.6 
23/07/2013  25.7   9.6    28.3   15.4 
24/07/2013  19.5   6.4    30     15 
25/07/2013  0      5.4    30.5   14 
26/07/2013  11.4   7.1    30.5   14.8 
27/07/2013  0      6.4    29     14.8 
28/07/2013  0      7.2    30.7   14 
29/07/2013  0      5.7    29.2   13.6 
30/07/2013  0      4.8    28.7   15 
31/07/2013  0.4    2.5    29.2   15 
01/08/2013  0      3.8    29.3   15.8 
02/08/2013  2.6    3.2    28.6   16.8 
03/08/2013  10.4   6.4    29.5   16.8 
04/08/2013  9.7    2      29.3   14.6 
05/08/2013  0      6.6    30.8   13.6 
06/08/2013  4.8    4.8    29.8   15.6 
07/08/2013  14.4   5.1    29.7   13.6 
08/08/2013  9      7.7    28.7   14.2 
09/08/2013  0      5.7    27.6   15 
10/08/2013  9.4    6.8    23.8   15.2 
11/08/2013  3.1    2.8    29     16 
12/08/2013  2.3    6.1    30.2   14 
13/08/2013  6.8    5      30     16.8 
14/08/2013  3.9    7.1    29.2   14 
15/08/2013  17.2   6.2    30     14.6 
16/08/2013  16.1   5.3    32     13.4 
17/08/2013  0      7.4    28.8   13.8 
18/08/2013  13     6.8    29.5   15.6 
19/08/2013  0.5    5.2    28.2   15.6 
20/08/2013  26.5   11.2   25     16 
21/08/2013  1.3    4.7    25.3   15.4 
22/08/2013  0.2    1.6    30.2   13.8 
23/08/2013  0      5.3    30     12.8 
24/08/2013  4.2    5.1    30.8   16 
25/08/2013  5.1    5.8    26.8   16 
26/08/2013  24.1   4.5    24.5   15.8 
27/08/2013  10.9   2.8    27.5   16.6 
28/08/2013  0.8    4      28.8   15.4 
29/08/2013  18.4   10.4   28     16.4 
30/08/2013  0.6    2.8    28.5   13 
31/08/2013  0      6.6    29     12.8 
01/09/2013  1      3.2    28     13 
02/09/2013  2.4    4.8    26.5   14.4 
03/09/2013  13.6   3.3    22.8   15.8 
04/09/2013  7.9    3      21.7   15.8 
05/09/2013  0.7    0.9    27     15.8 
06/09/2013  45.2   0.9    27     14 
07/09/2013  5.4    3.8    25.8   16 
08/09/2013  0      6.2    26.2   15.5 
09/09/2013  0      5.2    29     14.8 
10/09/2013  19.8   4.3    29.2   16.2 
11/09/2013  0      5.2    30.5   16.8 
12/09/2013  0      5.4    29.5   15.3 
13/09/2013  15     4.4    28.6   16 
14/09/2013  128.6  4.9    19.8   15 
15/09/2013  23.6   4.7    21.5   16.4 
16/09/2013  0.9    4.8    22.5   16.4 
17/09/2013  0      5      28.3   16.6 
18/09/2013  0      5      30.5   14.4 
19/09/2013  0      5.4    28.8   16 
20/09/2013  1.3    6.1    28.5   15.8 
21/09/2013  3.4    6      27     16.3 
22/09/2013  0      0.5    27     17 
23/09/2013  0.7    6      27.2   17.2 
24/09/2013  0.2    1.9    29.5   17 
25/09/2013  0.5    3.8    27.3   16.4 
26/09/2013  0      3.5    22.7   17 
27/09/2013  0      1.3    27.8   16 
28/09/2013  7.5    2.5    28.6   15.3 
29/09/2013  0      3.2    29.2   15 
30/09/2013  0      4.6    29     12.6 
01/10/2013  0      4.2    28.6   15.4 
02/10/2013  0      3.6    28.8   15 
03/10/2013  2.2    3.5    28.2   16 
04/10/2013  0      4.2    29     16.2 
05/10/2013  0      4.2    29.4   15.8 
06/10/2013  0      3.7    27.5   15 
07/10/2013  0.4    3.9    27.5   17.4 
08/10/2013  0      2.2    28.8   14.8 
09/10/2013  0      5.6    28.7   12.6 
10/10/2013  0      4      28.3   14.8 
11/10/2013  3.6    3.8    27.6   16 
12/10/2013  0      5.7    29     16.2 
13/10/2013  0      5.2    29.8   15 
14/10/2013  0      4.9    30     16 
15/10/2013  0      4.4    20.2   15.4 
16/10/2013  4.9    3.4    29.2   17 
17/10/2013  0      4.3    30.2   13.8 
18/10/2013  0      4.4    29.6   12.2 
19/10/2013  0      5.6    28.8   12.8 
20/10/2013  0      4      28.6   15 
21/10/2013  0      3.6    26.8   13.7 
22/10/2013  0      2.2    27.2   13.4 
23/10/2013  0.7    3.8    26.5   14.8 
24/10/2013  0      4      28     14 
25/10/2013  0      5.8    28.5   13.5 
26/10/2013  0      6.3    30     11.2 
27/10/2013  0      4.9    29.7   12 
28/10/2013  0      5.1    30.4   13.8 
29/10/2013  0.8    3.9    26.7   12.6 
30/10/2013  9.7    3.2    28     14.4 
31/10/2013  0.7    0.7    28     15 
01/11/2013  0      4      30     14.2 
02/11/2013  18     8.7    26.5   15.8 
03/11/2013  0.5    4.1    26     15 
04/11/2013  0.8    2.7    29.4   15.8 
05/11/2013  2      4.5    27     14 
06/11/2013  4.9    2.6    24.5   15.6 
07/11/2013  0      2.6    26.7   15.4 
08/11/2013  0.2    1.6    28.5   11.8 
09/11/2013  0      4.8    29     10.6 
10/11/2013  0      5      28.2   11.4 
11/11/2013  0      3.8    27.5   13 
12/11/2013  1.4    4.1    21     13 
13/11/2013  18.1   4.9    21.5   13.8 
14/11/2013  0      1      25     9.8 
15/11/2013  0      2.3    20     11.4 
16/11/2013  7.1    2.3    26.8   13 
17/11/2013  0      3.5    29.2   11 
18/11/2013  0      4.2    27.8   8.6 
19/11/2013  0      4      26.4   10 
20/11/2013  0      3.4    26.5   11.8 
21/11/2013  0      4.6    27.5   14.4 
22/11/2013  0      2.9    26     11.6 
23/11/2013  0      2.5    25.8   11 
24/11/2013  0      3.4    26.2   11.4 
25/11/2013  1.1    1.9    26.2   11.4 
26/11/2013  0      5      25.2   11 
27/11/2013  0      4      25.8   10.2 
28/11/2013  0      3.2    26.2   7 
29/11/2013  0      2.9    24.2   7.4 
30/11/2013  0      3.8    27.5   6.2 
01/12/2013  0      3.4    27.7   6.8 
02/12/2013  0      3.4    26.8   8 
03/12/2013  0      3.4    26.2   7.2 
04/12/2013  0      3.3    28.5   8.8 
05/12/2013  0      4.2    28.2   10.8 
06/12/2013  0      3.8    26     9 
07/12/2013  0      4.9    26.5   8.8 
08/12/2013  0      2.9    25.7   9 
09/12/2013  0      4.9    28     9 
10/12/2013  0      3.1    29     7 
11/12/2013  0      3.8    26.7   8.4 
12/12/2013  0      3.9    28     11.4 
13/12/2013  0      3.9    28.6   8 
14/12/2013  0      5      28.6   8 
15/12/2013  0      4      28.2   7.8 
16/12/2013  0      4.4    27.6   8.8 
17/12/2013  0      4.3    27.8   7.8 
18/12/2013  0      2.5    25.6   7.2 
19/12/2013  0      3.7    25.2   1 
20/12/2013  0      1.9    23.5   8 
21/12/2013  0      3      25     10 
22/12/2013  0      2.6    26.8   8 
23/12/2013  0      3.5    22.2   7 
24/12/2013  0      3.5    24.5   8.4 
25/12/2013  0.2    2.1    24     7.8 
26/12/2013  7.4    2.8    14.5   9.6 
27/12/2013  25     2      18     10 
28/12/2013  1.8    1.4    18.5   9.6 
29/12/2013  0.4    1.6    16.5   10.8 
30/12/2013  0.8    5.8    16     10.2 
31/12/2013  5.8    5.8    22.5   10.2 
01/01/2015  0      4.3    24.6   10.8 
02/01/2015  0      4.7    23     6.6 
03/01/2015  0      2.2    30     9 
04/01/2015  19.8   2.2    19.5   15.8 
05/01/2015  0      2.8    24     11 
06/01/2015  0      3.2    26.6   10 
07/01/2015  0      4.4    24.4   13.4 
08/01/2015  0      3.2    26.6   12 
09/01/2015  0      2.2    27     6 
10/01/2015  5.2    9.2    27.2   6 
11/01/2015  0      4      27.6   14 
12/01/2015  0      4.2    21.5   5 
13/01/2015  0      1.8    25     4.4 
14/01/2015  0      5      27.4   5.2 
15/01/2015  0      3.6    27     4.6 
16/01/2015  0      4.9    28.2   5 
17/01/2015  0      3.9    29.7   5.4 
18/01/2015  14.1   4.8    28.8   15 
19/01/2015  0      5.4    28     9 
20/01/2015  0      4.9    26     10 
21/01/2015  0      4      24.5   11.8 
22/01/2015  0      4.2    26     9.8 
23/01/2015  0      4.4    25     9.8 
24/01/2015  0      3      25     7.8 
25/01/2015  0      3      23.2  Nulo
26/01/2015  0      3      30.5   13.4 
27/01/2015  0      4.6    30.4   8.8 
28/01/2015  0      5.3    30.2   8 
29/01/2015  0      4.6    26.4   7 
30/01/2015  0      2.8    24     11.8 
31/01/2015  1.4    6.4    21     10.4 
01/02/2015  0.2    2.7    23.5   11 
02/02/2015  19.1   4      20     12 
03/02/2015  2.2    3.2    24.7   11.2 
04/02/2015  0      4.2    25     3.4 
05/02/2015  0      3.2    25.6   6 
06/02/2015  0      3.8    28.4   8 
07/02/2015  0      6.3    29     5 
08/02/2015  0      4.9    29.4   7 
09/02/2015  0      5.2    27.7   7.6 
10/02/2015  0      5.1    26.8   8.4 
11/02/2015  0      4.1    25.2   7 
12/02/2015  3.4    4.8    19.5   8.4 
13/02/2015  2.3    0.6    18.5   10.4 
14/02/2015  1      2.3    20.8   11 
15/02/2015  2.1    1.4    23     9.6 
16/02/2015  0      2.2    28     10 
17/02/2015  0      4.2    28.8   9.4 
18/02/2015  0      5.9    30     6.8 
19/02/2015  0      5.4    28     7 
20/02/2015  0      4.2    28.5   10.4 
21/02/2015  0      7.4    30.4   11.2 
22/02/2015  0      4.7    32.2   8.4 
23/02/2015  0      6.1    28.8   8.8 
24/02/2015  0      5.9    31.7   9.8 
25/02/2015  0      6.3    29     8.2 
26/02/2015  0      5.8    27.4   6.2 
27/02/2015  0      5.2    27.8   5 
28/02/2015  0      9.8    29     3.2 
01/03/2015  0      6.6    30     6 
02/03/2015  0      6.4    30.4   7.2 
03/03/2015  0      6.6    30.5   7.2 
04/03/2015  0      5.8    29.7   8.8 
05/03/2015  0      6      30.5   13.8 
06/03/2015  0      4.9    30.4   11 
07/03/2015  0      7      30.2   12.5 
08/03/2015  0      5.7    27.7   11.2 
09/03/2015  0      3.4    22.4   12 
10/03/2015  30.7   3.5    23.8   10 
11/03/2015  2.5    3      25     9 
12/03/2015  0      6.1    24     3.6 
13/03/2015  4.2    4.1    18     6.8 
14/03/2015  33.3   4.3    16.4   11.4 
15/03/2015  24.1   2.4    16.5   9 
16/03/2015  96.5  Nulo    28.8   14 
17/03/2015  3.2   Nulo    26.8   14.4 
18/03/2015  0      4.6    28.7   10.8 
19/03/2015  0      5.5    26.5   9.2 
20/03/2015  0      3.5    27.8   12.4 
21/03/2015  0      4.3    28     13 
22/03/2015  0      5.6    28.8   12.8 
23/03/2015  0      6.6    28.4   8.2 
24/03/2015  0      7.1    28.2   7.8 
25/03/2015  0      6.6    27.2   10.2 
26/03/2015  0      7.4    29.8   9.8 
27/03/2015  0      7.2    30.7   9.6 
28/03/2015  0      6      29     9 
29/03/2015  0      7.9    30.2   15 
30/03/2015  0      4.3    30.2   9.2 
31/03/2015  0      6.7    30     10 
01/04/2015  0      7      29.8   9.6 
02/04/2015  0      6.8    30.4   9.6 
03/04/2015  0      4.2    33.4   10.6 
04/04/2015  0      3.3    27.5   13.4 
05/04/2015  12     4.3    30.8   16.2 
06/04/2015  0      7      31     12.6 
07/04/2015  0      6.4    29.2   11 
08/04/2015  0      6.5    29.5   12.4 
09/04/2015  0      8.1    29.5   12.6 
10/04/2015  0      7.7    29.6   11.2 
11/04/2015  0      6.9    25.2   11.8 
12/04/2015  0      6.9    27.8   14 
13/04/2015  0      5.2    29.4   14 
14/04/2015  0      7.6    29     11 
15/04/2015  0      7.4    30.4   9 
16/04/2015  0      7.8    31     10 
17/04/2015  0      7      30.5   10 
18/04/2015  0      7.8    30     10 
19/04/2015  0      6.7    29.4   11.6 
20/04/2015  0      8.1    30.2   10 
21/04/2015  0      7.3    31.8   9 
22/04/2015  0      7.9    32     11 
23/04/2015  0      7.4    31.5   12.4 
24/04/2015  0      5.6    30.6   13.8 
25/04/2015  0      9.6    31     13.5 
26/04/2015  0      7      28.5   12.6 
27/04/2015  0      5.9    29.8   14.2 
28/04/2015  0      5.7    26.8   13.8 
29/04/2015  0      2.4    30     16 
30/04/2015  0      6      31.2   11 
01/05/2015  0      5.1    29     6.8 
02/05/2015  0      7.9    32.5   9.2 
03/05/2015  0      7.7    32.2   9 
04/05/2015  0      7.6    32.4   15.8 
05/05/2015  0      8.2    31.7   13 
06/05/2015  0      7.8    33     12.4 
07/05/2015  0      7.6    36.4   13.6 
08/05/2015  0      6.5    34     13.2 
09/05/2015  0      7.8    31.5   14.8 
10/05/2015  0      7.8    32     14 
11/05/2015  0      8.2    33.2   13 
12/05/2015  0      6.2    32.4   13.6 
13/05/2015  1.8    3      31     15 
14/05/2015  0.4    3.5    34     13 
15/05/2015  0      4.9    31.4   13.4 
16/05/2015  0      8      36.2   13 
17/05/2015  0      6.9    35     13 
18/05/2015  0      6.5    31.4   16 
19/05/2015  0      7.2    31.6   15 
20/05/2015  0      7.3    34     14.4 
21/05/2015  1.7    5.6    33.8   16 
22/05/2015  0      4.2    32.4   16.4 
23/05/2015  0      7.6    32.2   15.8 
24/05/2015  0      7.6    34     14 
25/05/2015  0      6.6    35     13.4 
26/05/2015  1.6    6.3    32.8   14 
27/05/2015  1.3    5.3    31.2   15 
28/05/2015  1.4    6.5    29.5   15.8 
29/05/2015  0      4.3    26     15.4 
30/05/2015  9.1    4.9    27.6   15.2 
31/05/2015  0      3.7    29     14.6 
01/06/2015  0.5    4.2    31.7   14.6 
02/06/2015  5.1    5.2    31.5   14.8 
03/06/2015  0      4.9    31.7   15.8 
04/06/2015  23.6   11     25     14.8 
05/06/2015  0      2      30     15.8 
06/06/2015  0      7.9    30     16.6 
07/06/2015  0      8.2    34.2   16.8 
08/06/2015  1.2    7.6    31.8   18 
09/06/2015  0      5.7    32     17 
10/06/2015  0      4.8    31     18.8 
11/06/2015  13.6   7.8    30.7   18.8 
12/06/2015  0.8    4.7    31     15.4 
13/06/2015  12.1   7.2    30.4   16.8 
14/06/2015  16.4   5.4    26.8   18.6 
15/06/2015  0.2    3.5    26.2   16.4 
16/06/2015  0      4.9    27     16 
17/06/2015  0      3.5    32     17.4 
18/06/2015  0.9    7.5    27.2   17 
19/06/2015  0.6    2.3    28.8   17.4 
20/06/2015  0      4.8    31.5   17.2 
21/06/2015  0      6.8    33     14.6 
22/06/2015  2.4    5.4    29.8   14.4 
23/06/2015  0      4.5    32.4   16 
24/06/2015  1.4    6      30.2   16 
25/06/2015  0      4.1    31.4   16.4 
26/06/2015  0.8    4.7    31.6   14.6 
27/06/2015  0.9    5.4    29     16 
28/06/2015  0.3    2.8    29.2   14.6 
29/06/2015  3.8    5.2    29.4   15.8 
30/06/2015  0      6.5    30.7   16.4 
01/07/2015  0      6.5    31.5   15.4 
02/07/2015  30.4   9.6    29     16 
03/07/2015  10.3   4.5    27     15.4 
04/07/2015  0      3.8    30.6   15.8 
05/07/2015  0.2    6.4    29.2   14.8 
06/07/2015  0.6    2.7    30.4   14.8 
07/07/2015  2.4    3      27.4   15.8 
08/07/2015  0      3.2    28.5   15.6 
09/07/2015  0.5    3.7    28.8   14.2 
10/07/2015  0.8    4.4    25.5   13.2 
11/07/2015  11.4   4.1    27     15.5 
12/07/2015  5.7    3.7    25.2   14.8 
13/07/2015  0      3.2    27.2   16 
14/07/2015  0      6.1    27.2   14 
15/07/2015  0      6      30     14 
16/07/2015  1.4    5.3    29.2   13 
17/07/2015  6.8    3.2    29.5   16 
18/07/2015  0.9    6.1    27     13.2 
19/07/2015  0.2    2.9    28.8   16.8 
20/07/2015  0      4.9    27.5   16 
21/07/2015  0      3.4    30.4   16.8 
22/07/2015  0      4.8    30.2   16.6 
23/07/2015  0      6.6    30.2   15 
24/07/2015  1.5    3.1    31.8   16 
25/07/2015  0      7.7    30.4   14.6 
26/07/2015  5      3.6    29.8   16.2 
27/07/2015  9.3    5.7    31.4   14.8 
28/07/2015  0      4.5    30.7   15.4 
29/07/2015  0      5.3    28.5   15.4 
30/07/2015  0      3.4    30.4   17.8 
31/07/2015  5      3      29.5   15.4 
01/08/2015  0.2    5.2    29.5   15.8 
02/08/2015  0.6    4.4    31.5   15.4 
03/08/2015  0.6    4.6    30     14 
04/08/2015  3.1    4.3    32.7   15.8 
05/08/2015  2.1    4.4    31.8   15 
06/08/2015  0.6    5.1    30.5   16 
07/08/2015  0.3    2.6    32     17 
08/08/2015  0      6.6    32.8   15.8 
09/08/2015  0      5.6    31.8   14.8 
10/08/2015  2.1    3.3    30     16 
11/08/2015  7.5    6.5    30.8   13.8 
12/08/2015  0.6    4.2    28.2   14.4 
13/08/2015  20.1   8.2    28.4   15.2 
14/08/2015  0      5.5    30.6   14 
15/08/2015  0      6.8    26     16 
16/08/2015  0      2.4    28.5   15 
17/08/2015  2.2    3.7    28.8   15.6 
18/08/2015  0      5.3    30     13.2 
19/08/2015  0      5.5    29.8   14 
20/08/2015  0      5.2    32.4   15.2 
21/08/2015  0      4.9    29.5   12.8 
22/08/2015  8      3.8    29.2   16.8 
23/08/2015  0      4.3    31     16 
24/08/2015  0.2    6.3    31.6   15.8 
25/08/2015  0      6.6    29.2   15.2 
26/08/2015  2.2    4.2    30.6   14.4 
27/08/2015  0.9    4.8    29.8   13.8 
28/08/2015  0      4.4    32.8   15.8 
29/08/2015  0      8.2    31     16.6 
30/08/2015  0.3    4.3    28.7   15.6 
31/08/2015  30     6.7    29     15 
01/09/2015  0      4.9    30     14.6 
02/09/2015  0      3.8    26.7   15.4 
03/09/2015  6      1.9    28     15.4 
04/09/2015  5.1    3.7    29.2   16.2 
05/09/2015  0      5.3    28     14.8 
06/09/2015  0      5      28.2   17 
07/09/2015  0      6      28     17.8 
08/09/2015  0      4.3    31.5   16.2 
09/09/2015  5.3    5.6    30     15 
10/09/2015  21.3   7.3    28.6   17 
11/09/2015  0      4.3    30     16.4 
12/09/2015  0      6.8    30     14.8 
13/09/2015  16     6.4    29.2   15 
14/09/2015  0      5.1    29     15.4 
15/09/2015  10.9   2.9    27.5   16.2 
16/09/2015  16.6   5.9    28     17.4 
17/09/2015  0      5.4    28.8   15.2 
18/09/2015  0      5.2    30     15.6 
19/09/2015  0      4.9    30     16 
20/09/2015  0.7    4      31     16.8 
21/09/2015  3.8    4.4    31.6   15.4 
22/09/2015  0      5.4    31.4   14 
23/09/2015  0      5.7    31     15.4 
24/09/2015  0      4.6    29.5   14.2 
25/09/2015  12.3   5.2    29     16.8 
26/09/2015  0      4.8    28.5   15.2 
27/09/2015  0      3.9    28.2   14.4 
28/09/2015  0      3.8    28.8   15.2 
29/09/2015  1      2.8    28.5   13.4 
30/09/2015  0      3.3    29     14 
01/10/2015  0.3    4.4    30     14 
02/10/2015  0      4.6    27.5   14.4 
03/10/2015  0.6    5.9    21.4   15.8 
04/10/2015  0.4    1.2    29     16 
05/10/2015  0      4.7    31     13 
06/10/2015  0      3.8    30     15.6 
07/10/2015  0      4.1    28.8   14 
08/10/2015  1.1    2.5    29.5   16.8 
09/10/2015  0      4.2    29.5   14 
10/10/2015  0      5.8    30.5   16 
11/10/2015  0      5.9    30.6   14.8 
12/10/2015  0      4.4    30.8   16 
13/10/2015  10.4   4.2    30.4   14.6 
14/10/2015  0      4.9    31.2   16 
15/10/2015  0      5.8    28.5   12.8 
16/10/2015  0      3.7    30     12.6 
17/10/2015  0      6.1    30.4   14.2 
18/10/2015  0      4      28.7   14 
19/10/2015  0      5      31.2   14 
20/10/2015  0      5      32.4   11 
21/10/2015  0      4.8    27.2   14.5 
22/10/2015  37.7   9.5    18.8   17 
23/10/2015  141.2  9.4    26     15.4 
24/10/2015  0      4.9    28.4   15.4 
25/10/2015  0      4.1    29.6   16 
26/10/2015  0      4      28.7   17 
27/10/2015  0      3.5    28.8   16.4 
28/10/2015  0.8    2.7    27.5   16 
29/10/2015  13.3   4.6    21     16 
30/10/2015  39.6   5.8    24.6   16 
31/10/2015  0      5.6    27     15.2 
01/11/2015  0      3.6    26.5   11 
02/11/2015  0      4.3    27.2   14.6 
03/11/2015  0      4.2    29.2   16.4 
04/11/2015  0      2.9    30.8   14.4 
05/11/2015  0      1.1    30     12.2 
06/11/2015  0      5.4    29.5   15 
07/11/2015  2.2    3.2    30     15 
08/11/2015  0      1.4    29.7   17 
09/11/2015  0      3.8    31     15.4 
10/11/2015  0      3.7    31.2   15.6 
11/11/2015  0      3.4    30.4   15.8 
12/11/2015  0      2.7    29.6   13.6 
13/11/2015  0      3.7    28.5   15.5 
14/11/2015  0      4.4    28.4   15.2 
15/11/2015  0      3.4    30.2   15.2 
16/11/2015  0      2.4    27     13 
17/11/2015  0      1.5    29.7   14.2 
18/11/2015  0      2.9    28.5   13 
19/11/2015  0      1.4    28.5   15 
20/11/2015  0      2.9    28.8   15 
21/11/2015  0.6    2.6    29     15.8 
22/11/2015  0      3.1    30     15 
23/11/2015  0      2.7    28.4   14.8 
24/11/2015  0      2.5    26.6   12.8 
25/11/2015  0      2.8    24.8   13.2 
26/11/2015  0      1.7    22.4   16 
27/11/2015  0      0.7    28     16.9 
28/11/2015  0      3.8    27.6   11.2 
29/11/2015  0      2.2    30     11 
30/11/2015  0      2.5    27.6   11.6 
--------------------------------------
