CNA-SMN-CG-GMC-SMAA-CLIMATOLOGÍA
BASE DE DATOS CLIMATOLÓGICA
DATOS DISPONIBLES EN LA BASE DE DATOS A JULIO 2019
 
ESTACIÓN  : 14081
NOMBRE    : LA DESEMBOCADA
ESTADO    : JALISCO
MUNICIPIO : PUERTO VALLARTA
SITUACIÓN : OPERANDO
ORGANISMO : CONAGUA-DGE
CVE-OMM   : Nulo
LATITUD   : 0020.729°
LONGITUD  : -105.207°
ALTITUD   : 19 msnm
 
EMISIÓN   : 14/08/2019 
 
           PRECIP  EVAP   TMAX   TMIN
  FECHA      mm     mm     °C     °C 
01/02/2008  0      3.6    29.5   12 
02/02/2008  0      4.3    31     15.5 
03/02/2008  0      4.4    34.5   15 
04/02/2008  0      4.3    30     14.5 
05/02/2008  0      4.7    29.5   15 
06/02/2008  0      3.9    29     14.5 
07/02/2008  0      4      31     15 
08/02/2008  0      4.4    32.5   15 
09/02/2008  0      5      33     15.5 
10/02/2008  0      5.4    32     15.5 
11/02/2008  0      3.3    32     15 
12/02/2008  0      3      31.5   15 
13/02/2008  0      5.1    32.5   14.5 
14/02/2008  0      5.2    32.5   14 
15/02/2008  0      3.7    33     13 
16/02/2008  0      4.8    30     13 
17/02/2008  0      4.9    29     13 
18/02/2008  0      4.4    29.5   13.5 
19/02/2008  0      4.7    28.5   14 
20/02/2008  0      4.2    29.5   13.5 
21/02/2008  0      4      28     13 
22/02/2008  0      4.2    29.5   14.5 
23/02/2008  0      7      31.5   11.5 
24/02/2008  0      5      30.5   11.5 
25/02/2008  0      4.4    30.5   14 
26/02/2008  0      4.5    32     14 
27/02/2008  0      4.6    29.5   14 
28/02/2008  0      3.8    30.5   14 
29/02/2008  0      5.2    33     16.5 
01/03/2008  0      4.4    31.5   15 
02/03/2008  0      4.7    30.5   15 
03/03/2008  0      5.2    32     14 
04/03/2008  0      5.2    31     14 
05/03/2008  0      6.2    32.5   16 
06/03/2008  0      5.8    31     14 
07/03/2008  0      5.4    29.5   13 
08/03/2008  0      5.6    29     12 
09/03/2008  0      5.5    31     12 
10/03/2008  0      4.8    33     12 
11/03/2008  0      5.7    31     12.5 
12/03/2008  0      6      32.5   13.5 
13/03/2008  0      7      33     14 
14/03/2008  0      5.5    31     11.5 
15/03/2008  0      5.8    31.5   12.5 
16/03/2008  0      4.9    31     12.5 
17/03/2008  0      4.9    29.5   13.5 
18/03/2008  0      3.5    27.5   15.5 
19/03/2008  0      5.8    30     9.5 
20/03/2008  0      5      31     11 
21/03/2008  0      7.3    35     13 
22/03/2008  0      7.4    35.5   15 
23/03/2008  0      6.9    33     14 
24/03/2008  0      5.6    31.5   12 
25/03/2008  0      6.1    32     13 
26/03/2008  0      7.7    33.5   15 
27/03/2008  0      8.6    35.5   14.5 
28/03/2008  0      8.4    35     12.5 
29/03/2008  0      6.2    33.5   12.5 
30/03/2008  0      4.9    33.5   13.5 
31/03/2008  0      4.9    30.5   13.5 
01/04/2008  0      6.5    33     14.5 
02/04/2008  0      6.3    32.5   14.5 
03/04/2008  0      6.3    35     15 
04/04/2008  0      6.4    33.5   14 
05/04/2008  0      6.4    34     14.5 
06/04/2008  0      7.2    34.5   15 
07/04/2008  0      7.3    33.5   18 
08/04/2008  0      6.3    33.5   15.5 
09/04/2008  0      6.6    34     15 
10/04/2008  0      5.5    33     16 
11/04/2008  0      6.3    31.5   16 
12/04/2008  0      7      33     17 
13/04/2008  0      5.4    33     16.5 
14/04/2008  0      5.9    34     16.5 
15/04/2008  0      6.6    33     20 
16/04/2008  0      7.5    35     16.5 
17/04/2008  0      8.6    37     16 
18/04/2008  0      7.2    34.5   15 
19/04/2008  0      6.4    33.5   15 
20/04/2008  0      7.1    34.5   16.5 
21/04/2008  0      8.3    36     17.5 
22/04/2008  0      7.2    34     17 
23/04/2008  0      6.6    33.5   17 
24/04/2008  0      6.3    34     17 
25/04/2008  0      8.5    35.5   17.5 
26/04/2008  0      7.2    35     17.5 
27/04/2008  0      8.7    35.5   16.5 
28/04/2008  0      8.1    36     15 
29/04/2008  0      6.2    35.5   15 
30/04/2008  0      7.5    33.5   17.5 
01/05/2008  0      7.4    36     17 
02/05/2008  0      7.9    35     17.5 
03/05/2008  0      8      36.5   16 
04/05/2008  0      6.7    33     16 
05/05/2008  0      6.7    37.5   16.5 
06/05/2008  0      6.8    35     19 
07/05/2008  0      7.7    35.5   19.5 
08/05/2008  0      7.4    36     20 
09/05/2008  0      8.4    35.5   19 
10/05/2008  0      8      36     19 
11/05/2008  0      8      36     18 
12/05/2008  0      6.9    36     18 
13/05/2008  0      6.5    35     19 
14/05/2008  0      7.2    35     19.5 
15/05/2008  0      6.4    36     23 
16/05/2008  0      8      34.5   23 
17/05/2008  0      7.3    35     23 
18/05/2008  0      7.3    36     21 
19/05/2008  0      8.1    36     21 
20/05/2008  0      8.1    35     21 
21/05/2008  0      8.1    35.5   20.5 
22/05/2008  0      6.4    32.5   18 
23/05/2008  0      7.4    35     18 
24/05/2008  0      8.5    36     23 
25/05/2008  0      7.1    34.5   21 
26/05/2008  0      5      33.5   21.5 
27/05/2008  0      3.8    33.5   24 
28/05/2008  0      7.2    34.5   24 
29/05/2008  0      6.9    35.5   23 
30/05/2008  0      7.4    35     23 
31/05/2008  0      6.2    34.5   22 
01/06/2008  0      8.3    36     22.5 
02/06/2008  0      7.3    35.5   20 
03/06/2008  0      6.3    34     20.5 
04/06/2008  0      5      33.5   22 
05/06/2008  0      6.9    34.5   24 
06/06/2008  2      7.7    35     24 
07/06/2008  1.5    2.1    29.5   23.5 
08/06/2008  0      1.2    27.5   23 
09/06/2008  5.5    2.2    30     23 
10/06/2008  29.5   1.3    24.5   22.5 
11/06/2008  1      0.2    26.5   21.5 
12/06/2008  0      2.4    29     21.5 
13/06/2008  0      7.2    32.5   21.5 
14/06/2008  0      6.5    33.5   21.5 
15/06/2008  1      7      34.5   24 
16/06/2008  5      6.2    34     25 
17/06/2008  0      5.7    35.5   24.5 
18/06/2008  0      7.4    34.5   24 
19/06/2008  0      6.9    35     24 
20/06/2008  1      5.7    35     24 
21/06/2008  0      6      36     23 
22/06/2008  6.5    6.3    35.5   24 
23/06/2008  0      6.3    35     23 
24/06/2008  4.5    6.6    37     23 
25/06/2008  15     8      35     23 
26/06/2008  0      5.7    35     22.5 
27/06/2008  28.5   8.8    35     22 
28/06/2008  0      2.8    35.5   25 
29/06/2008  37.5   7.8    34     25 
30/06/2008  0      7.8    34     22 
01/07/2008  0      3.7    33     22.5 
02/07/2008  1      3.4    34.5   24.5 
03/07/2008  6.5    7.3    36     24 
04/07/2008  97.5   5.8    32.5   24 
05/07/2008  0      4.3    33     24 
06/07/2008  17     3.1    32.5   23.5 
07/07/2008  56.5   2.1    25.5   24 
08/07/2008  21     2      29.5   22.5 
09/07/2008  4      2.2    29.5   21 
10/07/2008  0.5    2.1    32.5   21 
11/07/2008  1.5    3.2    32.5   23 
12/07/2008  1      4.4    34     23.5 
13/07/2008  1.5    4.5    34     23 
14/07/2008  2.5    2.5    32     23 
15/07/2008  0      4.1    34.5   23 
16/07/2008  11.5   7      36     23 
17/07/2008  14     5.6    33.5   24 
18/07/2008  1      5.1    35     23.5 
19/07/2008  0.5    3.4    34     23.5 
20/07/2008  0      5.4    35     23 
21/07/2008  5      7      35     23 
22/07/2008  45.5   8.2    35     24.5 
23/07/2008  15     6.7    33.5   23.5 
24/07/2008  28.5   7.2    33.5   23 
25/07/2008  8.8    5.8    34     23.5 
26/07/2008  5.5    4.5    33.5   23 
27/07/2008  0      5.7    32.5   22 
28/07/2008  0      6.3    35     22.5 
29/07/2008  8.5    7.2    36     22.5 
30/07/2008  7      2      30     24 
31/07/2008  0      2      34     23 
01/08/2008  0      4.4    34.5   23.5 
02/08/2008  5.5    6.1    35.5   23 
03/08/2008  14.5   5.5    33     23 
04/08/2008  0      5      34     22.5 
05/08/2008  3      5.4    35     22.5 
06/08/2008  6.5    6.1    35     24.5 
07/08/2008  0      1      29.5   23.5 
08/08/2008  1.5    4.5    35     20 
09/08/2008  0      5.6    35.5   22 
10/08/2008  0      6.1    35.5   22 
11/08/2008  1      5      35     24.5 
12/08/2008  0      5.7    34.5   24 
13/08/2008  16     4.3    34     24.5 
14/08/2008  71.5   4.7    34     24.5 
15/08/2008  29.5   5.1    33.5   22.5 
16/08/2008  7.5    4.6    33.5   22.5 
17/08/2008  0      3.3    33.5   24 
18/08/2008  0      6.3    34.5   24 
19/08/2008  0      4.4    35     24 
20/08/2008  10     4.3    34.5   24 
21/08/2008  18.5   5.2    34     23.5 
22/08/2008  17     4.5    34     23 
23/08/2008  0      2.2    32.5   23 
24/08/2008  2.5    4.3    33.5   23 
25/08/2008  0      5.9    33.5   23 
26/08/2008  0      4.1    34.5   23 
27/08/2008  9      5.2    34     23 
28/08/2008  0      5      33     23 
29/08/2008  95.5   4.8    34.5   23 
30/08/2008  1.5    4.5    33.5   23.5 
31/08/2008  3      4.2    34.5   21.5 
01/09/2008  0      5.4    34     23 
02/09/2008  26.5   5.4    34.5   24 
03/09/2008  0      4.8    34     24 
04/09/2008  0      5.9    35     24.5 
05/09/2008  0      6      34.5   21.5 
06/09/2008  16.5   6.4    35.5   21 
07/09/2008  13.5   4.1    34     21.5 
08/09/2008  15.5   1.3    31     24 
09/09/2008  7      3.2    32.5   23.5 
10/09/2008  0.5    4.4    33.5   23.5 
11/09/2008  0      6.3    34.5   23.5 
12/09/2008  45.5   5.7    34     23.5 
13/09/2008  1      1      32     24 
14/09/2008  25     5      33     23 
15/09/2008  31     4      32     23 
16/09/2008  6      5      31     22.5 
17/09/2008  0      6.4    32.5   22 
18/09/2008  2      4.6    34     22 
19/09/2008  27     6.2    34     23 
20/09/2008  27.5   6.1    33.5   22 
21/09/2008  6      3.7    34     22.5 
22/09/2008  3.5    3.6    32.5   22.5 
23/09/2008  18.5   3.5    33.5   23 
24/09/2008  4      4.9    34     22 
25/09/2008  0      3.2    31     22.5 
26/09/2008  4      2.1    32.5   24 
27/09/2008  0      5.4    34     23 
28/09/2008  0      4.4    34     23.5 
29/09/2008  0      4.6    35     24 
30/09/2008  0      4.6    35     24 
01/10/2008  0      5.6    34     24 
02/10/2008  0      5.2    34.5   23 
03/10/2008  0      5.8    35     22 
04/10/2008  0      4.1    35     22.5 
05/10/2008  0      5.3    35.5   23.5 
06/10/2008  0      4.3    34.5   23.5 
07/10/2008  12     5.7    35     23.5 
08/10/2008  0      3.5    34     22.5 
09/10/2008  40     2.8    34     22.5 
10/10/2008  2      2      33     23 
11/10/2008  3      3      31     23.5 
12/10/2008  74     3.5    30.5   23.5 
13/10/2008  3      4      32.5   23 
14/10/2008  7      5.2    33.5   22 
15/10/2008  4.5    5.1    32.5   22.5 
16/10/2008  0      4.1    32.5   23 
17/10/2008  0      4.8    33.5   22.5 
18/10/2008  0      4      35     23.5 
19/10/2008  0      6.2    36.5   23 
20/10/2008  0      4.1    34     23 
21/10/2008  0      5.3    35.5   23 
22/10/2008  0      3.7    35     24 
23/10/2008  0      4.6    35.5   24 
24/10/2008  1      1      27.5   23.5 
25/10/2008  0      1.7    31     23 
26/10/2008  0      4.1    34.5   21 
27/10/2008  0      5.6    34.5   22 
28/10/2008  0      4      36     21 
29/10/2008  0      3.6    35.5   20.5 
30/10/2008  0      3.7    32     20 
31/10/2008  0      4.9    35     20.5 
01/11/2008  0      5      35.5   22 
02/11/2008  0      4.8    34     21 
03/11/2008  0      5      35     21.5 
04/11/2008  0      3.6    35     22 
05/11/2008  4.5    4.9    34     22 
06/11/2008  0      4.1    32.5   21.5 
07/11/2008  0      4.1    33.5   21.5 
08/11/2008  0      4.4    33.5   21.5 
09/11/2008  0      2.9    32.5   21 
10/11/2008  0      4      32     21.5 
11/11/2008  0      5      33.5   20 
12/11/2008  0      3.2    33     20.5 
13/11/2008  0      5.9    32.5   19.5 
14/11/2008  0      5      33     20 
15/11/2008  0      4.2    31.5   19 
16/11/2008  0      4.1    33.5   19 
17/11/2008  0      4.5    34     18.5 
18/11/2008  0      4.8    36.5   18.5 
19/11/2008  0      4.1    34     15.5 
20/11/2008  0      3.8    33     15.5 
21/11/2008  0      4.2    32.5   16 
22/11/2008  0      3.8    33     17 
23/11/2008  0      4.2    33.5   17.5 
24/11/2008  0      2.8    33.5   17 
25/11/2008  0      3.7    33.5   17 
26/11/2008  0      3.8    33     17 
27/11/2008  0      3.4    34     17.5 
28/11/2008  0      4.4    33     18.5 
29/11/2008  0      3.4    30.5   18 
30/11/2008  0      5      30     17.5 
01/01/2009  0      3      32     15.5 
02/01/2009  0      2.3    31.5   15 
03/01/2009  0      3.7    30.5   15 
04/01/2009  0      4.2    30     14.5 
05/01/2009  0      4.2    31     15.5 
06/01/2009  0      4.2    31     15.5 
07/01/2009  0      3.5    31     16 
08/01/2009  0      3.6    30     15.5 
09/01/2009  0      2.8    30     13.5 
10/01/2009  0      3.5    31.5   13.5 
11/01/2009  0      3.2    27.5   13.5 
12/01/2009  0      2.8    31.5   12.5 
13/01/2009  0      2.8    29     13 
14/01/2009  0      3.7    30.5   13.5 
15/01/2009  0      3.2    31     15 
16/01/2009  0      4.2    33.5   16.5 
17/01/2009  0      4.6    34     16 
18/01/2009  0      3.6    33     17 
19/01/2009  0      2.5    31     18 
20/01/2009  0      2.2    31     17 
21/01/2009  1      4.7    30     17.5 
22/01/2009  0      2.6    32     17.5 
23/01/2009  0      3.7    30.5   20.5 
24/01/2009  0      3.4    32.5   19.5 
25/01/2009  0      4.4    31     19.5 
26/01/2009  0      3.7    31.5   20.5 
27/01/2009  0      5.1    32.5   20 
28/01/2009  0      3.7    30.5   16.5 
29/01/2009  0      4      31.5   15.5 
30/01/2009  0      4.6    30     15 
31/01/2009  0      4      30.5   16 
01/02/2009  0      4.1    31.5   17 
02/02/2009  0      3.7    31     16 
03/02/2009  0      4.5    30.5   15 
04/02/2009  0      3.9    33     15 
05/02/2009  0      5.2    35     15.5 
06/02/2009  0      4.6    33     15.5 
07/02/2009  0      3.9    32     15.5 
08/02/2009  0      3.5    29     16 
09/02/2009  0      5      30     17.5 
10/02/2009  0      4.2    29.5   17.5 
11/02/2009  0      3.8    30     15 
12/02/2009  0      4      31     14.5 
13/02/2009  0      5.4    30     16 
14/02/2009  0      5.1    30.5   16 
15/02/2009  0      4.9    31.5   16 
16/02/2009  0      4.3    34     15 
17/02/2009  0      5.1    31.5   15 
18/02/2009  0      5.1    33     16 
19/02/2009  0      4.5    32     15 
20/02/2009  0      4      31.5   15 
21/02/2009  0      5.5    32.5   15 
22/02/2009  0      5.1    32     15 
23/02/2009  0      5.3    35     15 
24/02/2009  0      5.8    33.5   16.5 
25/02/2009  0      5.8    34     16 
26/02/2009  0      6      33.5   15.5 
27/02/2009  0      4.3    33     16.5 
28/02/2009  0      4.9    31.5   17 
01/03/2009  0      4.5    32.5   19 
02/03/2009  0      3.7    32.5   20 
03/03/2009  0      5      33     20 
04/03/2009  0      1.5    32     20 
05/03/2009  0      6.3    33     22 
06/03/2009  0      4.4    31.5   21.5 
07/03/2009  0      5      32.5   16 
08/03/2009  0      7      32     16 
09/03/2009  0      6      31.5   17 
10/03/2009  0      6      32.5   17.5 
11/03/2009  0      5.7    32.5   19.5 
12/03/2009  0      5.6    32     16.5 
13/03/2009  0      5.2    31     16.5 
14/03/2009  0      6.7    30     19 
15/03/2009  0      5.3    32     20.5 
16/03/2009  0      5.8    32.5   18.5 
17/03/2009  0      6.5    33.5   18.5 
18/03/2009  0      6.2    35     18 
19/03/2009  0      7      34.5   16 
20/03/2009  0      6.8    33.5   15 
21/03/2009  0      6.7    33     15 
22/03/2009  0      6      34.5   15.5 
23/03/2009  0      5.1    32.5   15 
24/03/2009  0      6.1    32.5   15.5 
25/03/2009  0      6.3    33     17 
26/03/2009  0      6.4    32.5   20 
27/03/2009  0      6.4    31     20 
28/03/2009  0      6.2    32.5   17 
29/03/2009  0      6.1    31.5   16.5 
30/03/2009  0      7.1    32     17.5 
31/03/2009  0      6.3    32     18 
01/04/2009  0      5.3    31.5   19 
02/04/2009  0      7      32     19.5 
03/04/2009  0      4.4    30.5   19.5 
04/04/2009  0      6.9    31.5   20 
05/04/2009  0      6.7    31.5   20 
06/04/2009  0      6.5    32.5   19 
07/04/2009  0      6.9    33.5   18.5 
08/04/2009  0      5.6    35     18.5 
09/04/2009  0      7      35     18.5 
10/04/2009  0      6.5    35.5   17 
11/04/2009  0      6.3    35     17 
12/04/2009  0      8.1    35     17 
13/04/2009  0      6.8    32     17 
14/04/2009  0      6      33.5   17.5 
15/04/2009  0      8      33     17.5 
16/04/2009  0      7.2    33     20 
17/04/2009  0      6.2    32     17 
18/04/2009  0      5.4    31.5   17 
19/04/2009  0      7.9    35.5   17.5 
20/04/2009  0      6.3    34.5   17 
21/04/2009  0      7.3    34.5   17 
22/04/2009  0      8.6    35.5   17.5 
23/04/2009  0      7.8    36     15.5 
24/04/2009  0      6.1    36.5   15.5 
25/04/2009  0      5      35     15.5 
26/04/2009  0      6      34.5   16.5 
27/04/2009  0      7.6    34.5   18 
28/04/2009  0      6.7    34     18 
29/04/2009  0      6.7    34     18 
30/04/2009  0      7.3    35     18 
01/05/2009  0      6.9    35     18 
02/05/2009  0      6.7    35     18 
03/05/2009  0      7.2    35.5   17.5 
04/05/2009  0      6.5    35     18 
05/05/2009  0      7.3    33     17.5 
06/05/2009  0      8.1    34     21 
07/05/2009  0      5      34     21.5 
08/05/2009  0      5.7    33.5   21 
09/05/2009  0      5.6    34.5   21 
10/05/2009  0      6.4    34.5   24.5 
11/05/2009  0      5.5    35.5   25 
12/05/2009  0      8      35     24.5 
13/05/2009  0      5.7    36     23 
14/05/2009  0      6.9    35     22 
15/05/2009  0      6.9    34     22 
16/05/2009  0      7.1    35.5   22.5 
17/05/2009  1.5    6.6    35     22.5 
18/05/2009  0      5.2    35     24 
19/05/2009  0.5    3.8    35     24 
20/05/2009  0      7.4    38.5   24 
21/05/2009  0      7.4    38     24 
22/05/2009  0      9      37     24 
23/05/2009  0      8      38     24 
24/05/2009  0      7.6    36.5   21 
25/05/2009  0      9      36     18 
26/05/2009  0      8.2    37     18 
27/05/2009  0      8.2    34.5   20.5 
28/05/2009  0      7.1    34     20.5 
29/05/2009  0      6.9    33     22 
30/05/2009  0      7.9    34.5   24 
31/05/2009  0      7.6    38     24 
01/06/2009  0      8.2    36.5   24 
02/06/2009  0      6.7    36.5   22 
03/06/2009  0      9.7    36.5   20 
04/06/2009  0      8.4    36     20.5 
05/06/2009  0      6.4    38     20 
06/06/2009  0      6.9    36     23 
07/06/2009  0      7.7    36     18.5 
08/06/2009  0      8      35.5   19 
09/06/2009  0      6.5    36     23 
10/06/2009  0      6.7    36.5   24 
11/06/2009  0      8.6    36     25 
12/06/2009  0      8.3    36.5   24 
13/06/2009  0      7.1    37     24 
14/06/2009  1      6.4    37     26 
15/06/2009  0      3.5    39     26 
16/06/2009  39.5   10.5   35.5   26 
17/06/2009  5      5      37     20 
18/06/2009  5      1      29.5   20.5 
19/06/2009  29.5   3.5    32.5   24 
20/06/2009  38.5   6.7    33.5   23 
21/06/2009  37     3      31     24 
22/06/2009  27     4.4    32.5   24 
23/06/2009  6      1.6    29     23 
24/06/2009  1      1      29.5   23 
25/06/2009  0      7      33     23 
26/06/2009  9.5    5.5    34     23 
27/06/2009  64.5   8.5    32.5   22.5 
28/06/2009  0.5    2.2    31     23 
29/06/2009  38.5   5.8    32.5   23 
30/06/2009  0      5.8    32     23 
01/07/2009  5.5    5.5    34     23 
02/07/2009  77.5   3.2    31     23 
03/07/2009  1      1      29     23 
04/07/2009  24     4.1    33     23 
05/07/2009  42     6.4    32.5   23 
06/07/2009  9.5    7      34.5   23 
07/07/2009  0      6.5    34     21 
08/07/2009  0      4.4    35     21 
09/07/2009  22     7.6    35.5   21 
10/07/2009  3      6      35.5   24.5 
11/07/2009  6      5      33     24.5 
12/07/2009  6.5    5.9    34.5   23 
13/07/2009  2      4.8    33.5   23 
14/07/2009  0      4.8    34     22.5 
15/07/2009  0      4.9    35     23 
16/07/2009  0      5.7    37     23.5 
17/07/2009  0      5.9    37     23 
18/07/2009  16.5   7      37     23.5 
19/07/2009  0      7.7    36.5   22.5 
20/07/2009  0      6.2    36.5   22.5 
21/07/2009  9      7.8    37     24.5 
22/07/2009  0      6.2    35     22 
23/07/2009  31     5      35     22 
24/07/2009  0      6.8    35     22 
25/07/2009  15.5   7.1    36     22 
26/07/2009  0      6.1    34     22.5 
27/07/2009  61.5   5.9    35     22.5 
28/07/2009  1      5.7    35     25 
29/07/2009  0      5.3    35     24.5 
30/07/2009  0      5.7    37.5   24.5 
31/07/2009  0      6.7    36.5   24.5 
01/08/2009  0      5.6    36.5   25.5 
02/08/2009  0      3.3    36.5   26 
03/08/2009  4.5    7      36     25.5 
04/08/2009  2.5    6      36     25 
05/08/2009  0      7.3    36     24 
06/08/2009  8.5    6.3    36     24 
07/08/2009  1      3.4    34     24 
08/08/2009  3.5    7.3    35.5   23.5 
09/08/2009  0      6.9    35     22.5 
10/08/2009  26     5.1    36.5   22.5 
11/08/2009  0      4.7    34     23.5 
12/08/2009  1.5    6.8    35     23.5 
13/08/2009  0      5.6    36.5   23 
14/08/2009  0      5.4    37     23 
15/08/2009  0      6.4    37     24.5 
16/08/2009  0      4      36     25 
17/08/2009  19     5.8    37     24 
18/08/2009  0      4.4    34.5   22.5 
19/08/2009  4      5.8    35     23 
20/08/2009  56     6.8    35     23 
21/08/2009  41     5      33     23.5 
22/08/2009  1.5    5.1    35     22.5 
23/08/2009  0      3.7    34.5   23 
24/08/2009  0      5.3    36     24 
25/08/2009  2      7.8    37     24.5 
26/08/2009  0      5      37.5   23.5 
27/08/2009  7      6      36     24.5 
28/08/2009  0      5.8    35     23.5 
29/08/2009  9      1.6    33.5   23 
30/08/2009  0      0.5    31.5   23.5 
31/08/2009  2      3.2    32     23.5 
01/09/2009  31.5   0.3    33     24 
02/09/2009  0      1.8    32.5   24 
03/09/2009  0      5.5    35     24 
04/09/2009  0      5.7    35.5   23.5 
05/09/2009  0      5      35.5   24 
06/09/2009  0      6.7    36.5   24 
07/09/2009  0      4.9    36     24 
08/09/2009  0      4.8    36.5   24 
09/09/2009  0      6.9    36     24 
10/09/2009  1.5    4.6    35     24 
11/09/2009  5      4.3    34     24.5 
12/09/2009  0      3.7    34     24.5 
13/09/2009  0      4.3    35     24 
14/09/2009  19.5   4.8    34.5   24.5 
15/09/2009  0      4.7    35     24 
16/09/2009  0      5      36     24 
17/09/2009  0      4      36     24 
18/09/2009  1      4.7    35     24.5 
19/09/2009  0      6.8    37     23 
20/09/2009  0      3.2    34     23 
21/09/2009  0      4.9    37     24 
22/09/2009  0      3      36     24 
23/09/2009  0      4      34.5   24.5 
24/09/2009  2      4      35     26 
25/09/2009  0      4.9    36     24 
26/09/2009  16     6.1    35.5   24 
27/09/2009  37     4      33.5   24 
28/09/2009  7.5    4.7    32.5   23 
29/09/2009  0      4.6    33.5   23 
30/09/2009  0      3.5    36     23 
01/10/2009  2      7.3    36     24 
02/10/2009  0      5.7    35     23.5 
03/10/2009  0      4.7    35     23.5 
04/10/2009  0      5.1    35.5   23.5 
05/10/2009  0      4.9    36     23 
06/10/2009  0      3.8    36     23 
07/10/2009  5      5.2    36     25 
08/10/2009  4.5    2.1    32.5   25.5 
09/10/2009  1.5    3.6    33.5   23.5 
10/10/2009  0      4.8    34.5   23.5 
11/10/2009  0      2.8    33     23.5 
12/10/2009  0      5.1    36     23 
13/10/2009  0      3.8    35     23 
14/10/2009  0      4.3    35     23 
15/10/2009  0      4.7    36     23.5 
16/10/2009  32.5   5.5    36     23 
17/10/2009  0      4.5    33     23 
18/10/2009  0      3      32     23 
19/10/2009  0      1.1    30     23.5 
20/10/2009  5      3.2    33     22.5 
21/10/2009  45     1.2    26     22.5 
22/10/2009  0      2.7    32     21.5 
23/10/2009  0      2.9    31     21.5 
24/10/2009  10.5   4.4    33.5   22.5 
25/10/2009  0      4.8    33     21 
26/10/2009  0      3.7    33     21 
27/10/2009  0      4.5    33.5   21 
28/10/2009  22     4.5    34     21.5 
29/10/2009  0      3.6    31.5   21.5 
30/10/2009  0      4.2    33     20.5 
31/10/2009  0      3.2    33     20.5 
01/11/2009  0      3.8    33.5   20.5 
02/11/2009  0      4.2    33.5   21 
03/11/2009  0      5.3    33     20.5 
04/11/2009  0      3.5    34     20.5 
05/11/2009  0      3.4    35.5   18.5 
06/11/2009  0      5.1    36     18 
07/11/2009  0      4.7    33     18 
08/11/2009  0      3.3    34     18 
09/11/2009  0      3      31.5   16.5 
10/11/2009  0      3.7    32.5   16.5 
11/11/2009  0      4      36.5   18.5 
12/11/2009  0      4.3    36     17.5 
13/11/2009  0      3.6    34.5   17 
14/11/2009  0      4.4    34.5   17 
15/11/2009  0      3      34     17.5 
16/11/2009  0      3.6    34     19 
17/11/2009  0      4.4    33     19.5 
18/11/2009  0      2.8    34     20.5 
19/11/2009  0      4      34     21.5 
20/11/2009  0      4.2    33     20 
21/11/2009  0      3.7    32.5   19.5 
22/11/2009  0      4.6    31.5   20 
23/11/2009  0      4.2    33.5   20 
24/11/2009  0      3.1    32     18.5 
25/11/2009  0      4.7    32     18 
26/11/2009  0      4.3    32.5   18 
27/11/2009  0      2.7    31.5   19 
28/11/2009  0      2.7    33.5   19 
29/11/2009  0      4.3    33.5   19 
30/11/2009  69     4.3    26.5   19.5 
01/12/2009  0      1.5    27.5   20 
02/12/2009  0      3.7    27.5   20 
03/12/2009  0      2.5    27.5   24.5 
04/12/2009  0      2.8    28.5   22.5 
05/12/2009  21     2.6    31.5   16.5 
06/12/2009  12     1.5    26     16.5 
07/12/2009  12.5   1.3    27     21 
08/12/2009  0      3.3    30     21.5 
09/12/2009  0      4.4    31.5   19 
10/12/2009  0      1.9    29     17 
11/12/2009  0      4      31     17 
12/12/2009  0      3      31     19 
13/12/2009  0      2.7    31     18 
14/12/2009  0      2.8    31     17.5 
15/12/2009  0      1.4    27     18 
16/12/2009  0      2.6    30.5   16 
17/12/2009  0      3.5    29.5   16 
18/12/2009  0      1.8    29     13 
19/12/2009  0      3.7    28.5   12 
20/12/2009  0      2      29     12.5 
21/12/2009  0      3.5    30.5   15 
22/12/2009  0      3.3    29     15.5 
23/12/2009  2.5    2.5    29     14 
24/12/2009  0      4.3    29     17 
25/12/2009  0      2.7    27.5   16 
26/12/2009  0      2      27     16.5 
27/12/2009  0      2.5    28     15 
28/12/2009  0      2.5    29     13 
29/12/2009  0      3      30     13.5 
30/12/2009  0      2.7    31     19 
31/12/2009  0      1.9    29.5   19 
01/01/2010  0      2.5    31     18 
02/01/2010  0      1      25     18 
03/01/2010  0      2.7    32.5   15 
04/01/2010  0      2.3    29     15 
05/01/2010  0      1.4    31     16 
06/01/2010  0      2.1    30     16 
07/01/2010  0      2.5    27     17 
08/01/2010  0      2.5    29     18.5 
09/01/2010  0      4      29.5   18 
10/01/2010  0      4.6    32     17.5 
11/01/2010  0      2.7    29.5   17 
12/01/2010  0      2.7    30     17 
13/01/2010  0      2.9    30     18 
14/01/2010  0      3.7    28     17 
15/01/2010  2      1.4    24     16 
16/01/2010  0      3.4    29     11 
17/01/2010  0      4      30     11.5 
18/01/2010  0      3.3    32.5   12.5 
19/01/2010  0      4.3    33.5   15 
20/01/2010  0      4      30     16 
21/01/2010  0      4.4    31     17.5 
22/01/2010  0      4.6    31.5   17 
23/01/2010  0      5.4    31.5   16.5 
24/01/2010  0      2.9    30.5   16 
25/01/2010  0      4      30     16 
26/01/2010  0      4.7    31     16.5 
27/01/2010  0      3.6    32     19.5 
28/01/2010  0      4.4    32     17 
29/01/2010  0      3.5    31     15 
30/01/2010  0      3.8    31     15.5 
31/01/2010  7      1.7    28     16 
01/02/2010  3.5    4.1    30.5   16 
02/02/2010  69.5   4.9    20.5   16 
03/02/2010  14     0.2    20     18.5 
04/02/2010  0.5    2.3    26     16 
05/02/2010  0      3.6    27     12.5 
06/02/2010  0      4      29     13 
07/02/2010  0      3.2    28.5   13.5 
08/02/2010  0      3.8    28.5   14.5 
09/02/2010  0      2.1    30     18 
10/02/2010  0      3.3    29.5   18.5 
11/02/2010  0      2      24     19 
12/02/2010  0      3.4    29     15 
13/02/2010  0      2.6    30     15 
14/02/2010  0      3.7    31     15.5 
15/02/2010  0      3.9    31     17 
16/02/2010  0      2.4    29.5   19 
17/02/2010  6.5    1.6    23.5   20 
18/02/2010  25     2.1    28.5   17 
19/02/2010  0      2.6    29     14 
20/02/2010  0      3.9    29.5   14.5 
21/02/2010  0      5      29     16 
22/02/2010  0      3.8    29     15 
23/02/2010  0      4.4    28.5   15 
24/02/2010  0      5      29.5   14 
25/02/2010  0      3.8    31     14.5 
26/02/2010  0      5.1    31     15 
27/02/2010  0      4.4    30.5   14 
28/02/2010  0      4      30     14.5 
01/03/2010  0      5      29.5   18 
02/03/2010  0      6.1    30     18 
03/03/2010  0      4.4    30     17.5 
04/03/2010  0      5.3    29.5   18 
05/03/2010  0      2.7    28.5   18 
06/03/2010  0      4      30.5   19.5 
07/03/2010  0      4.1    36     20 
08/03/2010  0      2.7    30     20.5 
09/03/2010  0      5.6    30.5   17 
10/03/2010  0      5.1    28     17 
11/03/2010  0      4      28     12 
12/03/2010  0      5      29.5   15.5 
13/03/2010  0      5      29     14 
14/03/2010  0      6      31     14 
15/03/2010  0      2.5    29     18.5 
16/03/2010  0      5.3    30.5   18 
17/03/2010  0      3.7    33     15 
18/03/2010  0      6.2    32     15.5 
19/03/2010  0      6      31     19.5 
20/03/2010  0      6.5    32     18.5 
21/03/2010  0      6.3    31     15.5 
22/03/2010  0      4.6    32     15.5 
23/03/2010  0      4.9    30     16.5 
24/03/2010  0      6.3    30.5   17 
25/03/2010  0      5.4    32     16.5 
26/03/2010  0      6.5    32.5   15.5 
27/03/2010  0      6.8    35.5   14 
28/03/2010  0      6      33.5   14 
29/03/2010  0      5.7    32     14.5 
30/03/2010  0      5      30.5   15 
31/03/2010  0      6      33     15.5 
01/04/2010  0      5.8    32.5   16.5 
02/04/2010  0      3.4    31     16 
03/04/2010  0      5.1    33     16.5 
04/04/2010  0      4.8    32.5   17 
05/04/2010  0      4.7    32.5   16 
06/04/2010  0      6.6    33     16 
07/04/2010  0      5.4    32.5   20 
08/04/2010  0      6.8    32.5   19 
09/04/2010  0      2.6    30     19.5 
10/04/2010  0      5.4    33     21 
11/04/2010  0      6      33.5   21 
12/04/2010  0      7.3    31     20 
13/04/2010  0      6.3    31     16 
14/04/2010  0      6.6    32     16.5 
15/04/2010  0      7.7    33     18.5 
16/04/2010  0      7.1    32     16 
17/04/2010  0      6      32.5   16.5 
18/04/2010  0      5.8    31     20 
19/04/2010  0      6.2    31.5   19 
20/04/2010  0      5.6    32.5   19 
21/04/2010  0      7.4    33     19.5 
22/04/2010  0      4.7    31.5   21 
23/04/2010  0      2.3    29     22 
24/04/2010  0      7.7    32.5   20 
25/04/2010  0      8.3    31.5   20 
26/04/2010  0      6.7    31.5   17 
27/04/2010  0      5.9    31     17 
28/04/2010  0      7.4    32     19 
29/04/2010  0      6.9    31     19.5 
30/04/2010  0      6.5    30.5   19 
01/05/2010  0      4.3    28     19.5 
02/05/2010  0      8.5    30     19 
03/05/2010  0      6.5    32     17 
04/05/2010  0      6.7    32.5   17.5 
05/05/2010  0      6.3    32.5   17.5 
06/05/2010  0      7      35     18.5 
07/05/2010  0      7.8    34.5   20 
08/05/2010  0      6.7    35     19 
09/05/2010  0      7.5    34.5   19.5 
10/05/2010  0      6      25     21 
11/05/2010  0      5.8    34.5   21.5 
12/05/2010  0      6.7    33.5   21.5 
13/05/2010  0      5.9    33.5   19 
14/05/2010  0      7.6    35     19.5 
15/05/2010  0      3.2    32     21 
16/05/2010  0      6.4    36.5   20 
17/05/2010  0      6.1    37.5   20 
18/05/2010  0      7.3    35     20 
19/05/2010  0      7      36     18 
20/05/2010  0      7.6    36.5   17 
21/05/2010  0      7.4    35.5   17.5 
22/05/2010  0      7.4    35     17 
23/05/2010  0      8.4    35     17.5 
24/05/2010  0      5.8    35     20 
25/05/2010  0      7.9    35     20 
26/05/2010  0      7.8    34     20.5 
27/05/2010  0      7.7    33.5   21 
28/05/2010  0      8.2    32.5   21.5 
29/05/2010  0      7.8    32     22 
30/05/2010  0      7.9    33     20 
31/05/2010  0      5.5    33.5   20 
01/06/2010  0      7      33.5   20.5 
02/06/2010  0      8.5    33     20.5 
03/06/2010  0      7.5    33     22 
04/06/2010  0      7.5    33.5   22 
05/06/2010  0      8.2    34     21.5 
06/06/2010  0      7.8    34     23 
07/06/2010  0      6.7    32.5   23 
08/06/2010  0      3.3    31     22 
09/06/2010  0      5.3    33.5   21 
10/06/2010  2.5    6.7    34.5   21 
11/06/2010  2.5    7      34     24 
12/06/2010  0      6      33     24 
13/06/2010  0      10     35.5   24 
14/06/2010  0      7      36     25 
15/06/2010  0      8      36     25 
16/06/2010  0      7.6    36.5   24 
17/06/2010  9      6.4    36     25 
18/06/2010  5.5    3.1    34.5   24 
19/06/2010  1      4.4    34.5   24 
20/06/2010  0      6      35     23.5 
21/06/2010  0      4.6    36.5   23.5 
22/06/2010  0      9.4    36     25 
23/06/2010  0      5.6    36     26 
24/06/2010  5      7.9    37     26 
25/06/2010  0      7      34.5   24 
26/06/2010  0      6.1    36.5   24 
27/06/2010  0      8.4    36.5   24.5 
28/06/2010  0      7.6    35.5   25 
29/06/2010  2      4.4    35     25 
30/06/2010  1      4.3    35.5   24 
01/07/2010  4.5    1.8    27.5   24.5 
02/07/2010  0      2.3    29     23 
03/07/2010  0      3.6    31.5   23 
04/07/2010  3.5    2.5    31.5   23.5 
05/07/2010  0      3.1    31     23 
06/07/2010  9.5    5.7    33     23 
07/07/2010  1.5    1.5    29     23 
08/07/2010  47     3.8    28     23.5 
09/07/2010  2.5    3.5    30.5   23 
10/07/2010  2.5    3.7    31     22.5 
11/07/2010  0      5.8    35     23.5 
12/07/2010  0      4      35     24 
13/07/2010  2      2      34     25 
14/07/2010  9      5.6    34.5   23 
15/07/2010  22.5   4.9    33     23.5 
16/07/2010  0      4      33.5   25 
17/07/2010  16     6      34     24 
18/07/2010  7      5      33.5   24 
19/07/2010  6      6      33.5   24.5 
20/07/2010  9      4.8    32.5   25 
21/07/2010  11     6.2    33.5   24 
22/07/2010  64     4.3    32.5   23 
23/07/2010  40.5   2.5    32.5   23 
24/07/2010  4      2.4    29.5   23 
25/07/2010  58     6.1    33.5   23 
26/07/2010  1      3      34     24 
27/07/2010  34.5   6.5    35     24 
28/07/2010  6      2      33.5   24 
29/07/2010  2.5    1.5    30     24 
30/07/2010  17     3.8    33     23 
31/07/2010  0      5.2    33     22.5 
01/08/2010  0      5.7    26     23 
02/08/2010  0      4.3    35     24 
03/08/2010  24     7.5    36     25 
04/08/2010  0      2.8    33.5   22 
05/08/2010  0      5.4    35     22.5 
06/08/2010  9      5.2    35     24 
07/08/2010  0      2.4    33     24.5 
08/08/2010  47     8.4    35.5   24 
09/08/2010  37     7.3    34     24 
10/08/2010  9.5    6.2    33     24 
11/08/2010  19     7.3    33.5   24 
12/08/2010  6      6      34     23 
13/08/2010  77     4.5    33.5   23 
14/08/2010  0      3      33     24 
15/08/2010  44.5   4.6    35     24 
16/08/2010  4      4      34.5   23.5 
17/08/2010  10     3      31.5   23.5 
18/08/2010  24.5   3.5    31     24 
19/08/2010  0      3.7    33     23 
20/08/2010  2.5    4.8    34     23 
21/08/2010  0      4      34     23 
22/08/2010  3      5.6    34.5   22.5 
23/08/2010  0      4.9    35     24.5 
24/08/2010  0      5.6    35.5   25 
25/08/2010  0      4.1    34     25.5 
26/08/2010  19     4.3    32.5   26 
27/08/2010  37     5.6    34     24 
28/08/2010  0      2.7    32     23.5 
29/08/2010  4.5    3.8    33.5   24 
30/08/2010  20     3      33     24 
31/08/2010  29     3.5    33     24 
01/09/2010  0      2.5    32.5   23 
02/09/2010  0      2.9    32     23 
03/09/2010  40.5   4.9    35     24 
04/09/2010  89     5.2    33.5   23 
05/09/2010  46.5   5.5    32.5   23 
06/09/2010  36.5   1.5    30     23 
07/09/2010  3.5    2.5    32.5   23 
08/09/2010  6      2      30     23 
09/09/2010  15     4      32.5   23 
10/09/2010  0      3.9    32.5   23 
11/09/2010  0      5.4    34     23 
12/09/2010  0      3.7    34.5   23 
13/09/2010  0      5      35     24.5 
14/09/2010  3.5    5.5    36     24 
15/09/2010  0      5      35.5   23 
16/09/2010  78     1.2    35.5   23 
17/09/2010  0      5      33     23.5 
18/09/2010  25.5   5.5    33.5   24 
19/09/2010  31     6      34     24.5 
20/09/2010  0.5    1.7    32.5   24 
21/09/2010  11     3.8    33     24 
22/09/2010  3      3      32     23 
23/09/2010  10     4      33.5   23 
24/09/2010  0      4.5    34     22 
25/09/2010  9      4.3    34     22 
26/09/2010  3.5    3.8    33     23 
27/09/2010  5.5    5.4    33.5   23 
28/09/2010  0      5.1    34     22 
29/09/2010  0      5      34.5   22.5 
30/09/2010  0      4.7    36     20 
01/10/2010  0      5.3    34.5   24 
02/10/2010  0      5.7    35     23 
03/10/2010  0      5.3    35     23 
04/10/2010  0      5      35     23 
05/10/2010  0      5.7    36.5   22.5 
06/10/2010  0      5.3    33.5   22 
07/10/2010  0      5.6    36     22 
08/10/2010  0      5.4    36     21.5 
09/10/2010  0      6      36     23.5 
10/10/2010  0      2.5    36.5   23.5 
11/10/2010  6      5.5    36     22.5 
12/10/2010  0      4      34.5   23 
13/10/2010  0      4      35.5   22.5 
14/10/2010  0      4      36.5   22 
15/10/2010  0      6      38.5   20.5 
16/10/2010  0      5      36     20.5 
17/10/2010  0      5      35.5   20.5 
18/10/2010  0      5.5    35     18.5 
19/10/2010  0      5.5    34.5   18.5 
20/10/2010  0      4      34     19 
21/10/2010  0      5      33.5   19 
22/10/2010  0      4.4    34     20.5 
23/10/2010  0      5.6    34     20 
24/10/2010  0      4.5    33.5   19.5 
25/10/2010  0      4.8    33     18 
26/10/2010  0      5.1    33     17 
27/10/2010  0      4      34     15 
28/10/2010  0      3.8    33     15.5 
29/10/2010  0      4.4    34     17.5 
30/10/2010  0      4      36     19.5 
31/10/2010  0      5.4    34     20 
01/11/2010  0      5      35     19.5 
02/11/2010  0      4.9    33.5   21 
03/11/2010  0      4.7    32.5   20 
04/11/2010  0      5.4    34.5   16 
05/11/2010  0      4.5    36     14.5 
06/11/2010  0      4      34     14 
07/11/2010  0      4.9    32.5   13.5 
08/11/2010  0      4.5    31.5   13.5 
09/11/2010  0      4.5    31.5   13.5 
10/11/2010  0      4      31.5   14.5 
11/11/2010  0      5.3    30.5   15.5 
12/11/2010  0      3.2    32     15.5 
13/11/2010  0      4.5    31.5   15.5 
14/11/2010  0      4      31     16.5 
15/11/2010  0      5      33     17 
16/11/2010  0      3.6    30.5   15 
17/11/2010  0      4.7    30.5   15 
18/11/2010  0      3.2    29     14.5 
19/11/2010  0      5.1    30.5   14.5 
20/11/2010  0      3.1    33     16.5 
21/11/2010  0      4      32.5   16.5 
22/11/2010  0      4.3    33     17 
23/11/2010  0      4      30.5   16.5 
24/11/2010  0      2      30.5   16 
25/11/2010  0      3.5    30.5   16 
26/11/2010  0      3.5    29     17.5 
27/11/2010  0      3      30     14.5 
28/11/2010  0      3      29.5   15.5 
29/11/2010  0      4.2    30     16.5 
30/11/2010  0      3.8    29     15.5 
01/12/2010  0      3.8    29.5   15 
02/12/2010  0      3.6    30.5   15 
03/12/2010  0      3.3    31.5   15 
04/12/2010  0      4.6    31     13.5 
05/12/2010  0      2.1    30     13.5 
06/12/2010  0      3.1    30.5   13.5 
07/12/2010  0      4      29     15 
08/12/2010  0      3.1    29.5   14 
09/12/2010  0      3.4    30.5   14 
10/12/2010  0      2.7    31     14 
11/12/2010  0      4.3    29     12.5 
12/12/2010  0      4      29.5   11.5 
13/12/2010  0      2.2    29.5   11.5 
14/12/2010  0      3.8    29     12 
15/12/2010  0      3.5    29.5   12.5 
16/12/2010  0      3.5    28.5   12.5 
17/12/2010  0      3.6    28     11 
18/12/2010  0      2.9    28.5   11 
19/12/2010  0      2.7    28.5   12 
20/12/2010  0      2.8    28.5   12.5 
21/12/2010  0      3      27.5   14 
22/12/2010  0      5.6    28.5   14.5 
23/12/2010  0      2.8    28.5   14.5 
24/12/2010  0      3.6    27.5   13.5 
25/12/2010  0      2.2    28     13.5 
26/12/2010  0      3.2    28.5   13 
27/12/2010  0      3.2    27.5   14.5 
28/12/2010  0      3.4    28.5   15 
29/12/2010  0      3.6    27.5   15.5 
30/12/2010  0      3.4    27     15 
31/12/2010  0      3.6    29     14.5 
01/01/2011  0      3.4    28.5   14.5 
02/01/2011  0      3.6    28     14 
03/01/2011  0      3.8    29.5   14.5 
04/01/2011  0      3.1    32     14.5 
05/01/2011  0      3.5    29.5   16 
06/01/2011  0      3      27.5   15.5 
07/01/2011  0      3.5    31     15.5 
08/01/2011  0      3.8    28     14 
09/01/2011  0      2.7    28     13.5 
10/01/2011  0      3.4    27.5   13 
11/01/2011  0      3.6    29     12 
12/01/2011  0      3      29.5   11.5 
13/01/2011  0      3.7    30     12.5 
14/01/2011  0      2.9    29.5   14 
15/01/2011  0      6      28     14 
16/01/2011  0      4      28     14.5 
17/01/2011  0      4.2    27.5   10 
18/01/2011  0      3.8    29     10 
19/01/2011  0      3.9    28.5   10 
20/01/2011  0      4.1    29.5   9.5 
21/01/2011  0      5.4    30.5   11.5 
22/01/2011  0      3.1    28.5   10.5 
23/01/2011  0      4.2    29.5   9.5 
24/01/2011  0      3.7    29.5   9 
25/01/2011  0      4.6    29     10.5 
26/01/2011  0      3.8    28.5   10.5 
27/01/2011  0      4.6    30     10 
28/01/2011  0      4.6    31     12 
29/01/2011  0      4      31     12 
30/01/2011  0      4.4    29.5   13 
31/01/2011  0      4.2    29     13 
01/02/2011  0      4.4    29     12 
02/02/2011  0      4.2    28.5   14.5 
03/02/2011  0      3      25     14.5 
04/02/2011  0      3.8    23.5   15.5 
05/02/2011  0      3      24.5   13.5 
06/02/2011  0      4.6    27.5   12 
07/02/2011  0      4.4    32     11.5 
08/02/2011  0      5      31.5   13 
09/02/2011  0      6      32     13.5 
10/02/2011  0      3.8    30.5   13.5 
11/02/2011  0      4.2    30     13.5 
12/02/2011  0      5.7    31     11.5 
13/02/2011  0      4.3    30     11.5 
14/02/2011  0      5      31.5   12.5 
15/02/2011  0      5      29     11.5 
16/02/2011  0      5      33.5   11.5 
17/02/2011  0      3.4    30     12.5 
18/02/2011  0      5.2    29.5   12.5 
19/02/2011  0      4.8    34     11.5 
20/02/2011  0      5      34.5   11.5 
21/02/2011  0      5      33     13.5 
22/02/2011  0      5      33.5   12.5 
23/02/2011  0      4.9    30     13 
24/02/2011  0      6      29     12.5 
25/02/2011  0      5      30     13 
26/02/2011  0      4.5    29     13 
27/02/2011  0      4.5    26.5   14 
28/02/2011  0      4.5    28     16 
01/03/2011  0      5      29     15.5 
02/03/2011  0      5      30.5   15.5 
03/03/2011  0      5.3    30.5   14 
04/03/2011  0      5.3    30     13 
05/03/2011  0      4.8    30     13 
06/03/2011  0      5      29.5   13.5 
07/03/2011  0      5.2    29.5   17 
08/03/2011  0      5      31     15 
09/03/2011  0      5.9    31.5   13.5 
10/03/2011  0      5.5    31     13 
11/03/2011  0      4.5    31     13 
12/03/2011  0      6.5    32     14.5 
13/03/2011  0      6.5    30     14 
14/03/2011  0      6.1    31.5   12.5 
15/03/2011  0      5.2    31     14 
16/03/2011  0      5.4    32.5   15 
17/03/2011  0      5.8    33.5   16.5 
18/03/2011  0      7.7    35     16 
19/03/2011  0      6.8    33.5   16 
20/03/2011  0      5.5    34.5   16 
21/03/2011  0      6.8    33.5   16 
22/03/2011  0      5.7    32.5   14.5 
23/03/2011  0      6.3    32.5   15.5 
24/03/2011  0      5.7    32     14.5 
25/03/2011  0      5.9    32     15 
26/03/2011  0      7      31.5   16 
27/03/2011  0      6.8    32     16 
28/03/2011  0      5.7    32.5   15.5 
29/03/2011  0      6.9    32.5   15 
30/03/2011  0      6.4    33     14.5 
31/03/2011  0      4.5    30.5   15 
01/04/2011  0      5.7    32     13.5 
02/04/2011  0      6.5    32.5   14.5 
03/04/2011  0      6.5    33     14.5 
04/04/2011  0      6.7    33.5   13.5 
05/04/2011  0      6.3    36     14.5 
06/04/2011  0      8      36     15.5 
07/04/2011  0      7      34     15.5 
08/04/2011  0      7.2    37     16.5 
09/04/2011  0      6.8    32.5   16 
10/04/2011  0      6      31.5   17 
11/04/2011  0      6.6    32     17.5 
12/04/2011  0      6.4    33     17 
13/04/2011  0      6      34     17 
14/04/2011  0      6.4    32.5   19.5 
15/04/2011  0      5.6    32.5   17 
16/04/2011  0      6.4    31.5   17 
17/04/2011  0      6      33.5   18.5 
18/04/2011  0      6.6    33     19.5 
19/04/2011  0      7      34     18 
20/04/2011  0      6      31.5   17 
21/04/2011  0      7.4    32.5   17 
22/04/2011  0      7.1    31.5   18 
23/04/2011  0      6.5    32     18 
24/04/2011  0      7      32.5   20.5 
25/04/2011  0      6      32.5   19.5 
26/04/2011  0      8      32.5   18 
27/04/2011  0      6.7    32     18 
28/04/2011  0      6.3    33.5   18 
29/04/2011  0      7      33.5   18 
30/04/2011  0      6.2    35     18.5 
01/05/2011  0      7.4    35     19 
02/05/2011  0      7.4    35.5   18.5 
03/05/2011  0      6.6    35     18.5 
04/05/2011  0      6      34     18 
05/05/2011  0      7      34.5   21 
06/05/2011  0      6.8    34.5   21 
07/05/2011  0      8.2    37.5   20.5 
08/05/2011  0      8      37     20.5 
09/05/2011  0      8      36     19.5 
10/05/2011  0      7      36     18 
11/05/2011  0      8      36     17 
12/05/2011  0      7.3    36     17.5 
13/05/2011  0      9      35.5   18 
14/05/2011  0      6      34     18 
15/05/2011  0      9.5    37     18 
16/05/2011  0      6.5    37     19 
17/05/2011  0      9      35     18.5 
18/05/2011  0      8      35     19 
19/05/2011  0      7      34.5   20 
20/05/2011  0      8      34.5   22 
21/05/2011  0      8      34.5   21.5 
22/05/2011  0      8.3    35     21 
23/05/2011  0      7.6    35.5   23 
24/05/2011  0      7.7    36.5   22.5 
25/05/2011  0      6.4    34.5   21.5 
26/05/2011  0      7.9    35     21.5 
27/05/2011  0      7.4    36     23 
28/05/2011  0      7.2    35     25 
29/05/2011  0      7      34     22.5 
30/05/2011  0      7      35     22.5 
31/05/2011  8.5    8.5    34.5   22.5 
01/06/2011  0      7      33.5   23 
02/06/2011  0      7.6    34.5   22.5 
03/06/2011  0      7.4    34.5   22.5 
04/06/2011  0      6.5    34     20.5 
05/06/2011  0      6.5    36     20.5 
06/06/2011  0      7.6    34.5   24 
07/06/2011  0      6.8    34.5   24 
08/06/2011  0      8.3    36.5   24 
09/06/2011  0      7.3    38     24 
10/06/2011  0      7.5    38     24 
11/06/2011  13     8.5    37     26 
12/06/2011  4.5    7.3    36     23 
13/06/2011  0      6      36     23.5 
14/06/2011  0      6.8    36     25.5 
15/06/2011  0      7.4    36     25.5 
16/06/2011  0      6.5    35     24.5 
17/06/2011  0      7.5    35     23.5 
18/06/2011  0      4.6    35     24 
19/06/2011  2.5    6.6    35.5   24 
20/06/2011  5      4      33     26 
21/06/2011  7      3.3    29     24.5 
22/06/2011  14.5   2.1    30     23.5 
23/06/2011  17.5   6.2    33.5   23.5 
24/06/2011  0      5      34.5   24 
25/06/2011  0      7.6    35     24 
26/06/2011  42     8.7    36     25.5 
27/06/2011  3.5    4      33     22.5 
28/06/2011  26     5.5    34     22.5 
29/06/2011  2      2.6    32.5   23.5 
30/06/2011  0      2.6    34     23.5 
01/07/2011  7      3.8    33.5   25.5 
02/07/2011  35     2.6    31.5   24.5 
03/07/2011  5.5    1.5    30.5   24 
04/07/2011  11.5   0.5    27.5   24 
05/07/2011  0.5    0.5    30.5   23.5 
06/07/2011  0      6.2    34.5   23.5 
07/07/2011  4.5    4.6    35     24 
08/07/2011  11     5.2    33     24.5 
09/07/2011  33     6      33.5   24.5 
10/07/2011  11.5   1.5    31.5   23.5 
11/07/2011  0      5.6    34.5   23 
12/07/2011  0      4.4    33.5   23.5 
13/07/2011  5.5    4.1    34.5   24.5 
14/07/2011  1.5    5.4    32.5   24 
15/07/2011  27     5.2    33.5   23.5 
16/07/2011  10.5   5      33.5   21 
17/07/2011  0.5    1.5    31.5   21.5 
18/07/2011  3.5    4.3    34     23 
19/07/2011  3      6.2    33.5   24 
20/07/2011  23.5   6.1    34.5   24.5 
21/07/2011  0      4.4    35.5   23.5 
22/07/2011  5      8      36     23.5 
23/07/2011  0      3.2    33.5   23.5 
24/07/2011  2      6      36     23.5 
25/07/2011  0      7      35.5   23.5 
26/07/2011  0      4      32.5   23.5 
27/07/2011  20     6.6    35     22.5 
28/07/2011  10     5      32.5   22.5 
29/07/2011  0.5    1.8    31.5   24 
30/07/2011  20     5.7    33.5   24 
31/07/2011  0      4.5    34.5   23 
01/08/2011  17     7.6    35.5   24.5 
02/08/2011  39     8      35     23.5 
03/08/2011  102    4      34.5   22.5 
04/08/2011  3      1.6    30.5   22.5 
05/08/2011  0      6.4    34.5   22.5 
06/08/2011  18.5   5.8    35.5   23.5 
07/08/2011  0      5.7    33.5   23 
08/08/2011  0      3.4    34     23 
09/08/2011  18     7.5    34.5   23 
10/08/2011  0      5.3    34     24 
11/08/2011  0      6.1    35.5   24 
12/08/2011  38.5   7.1    35     24.5 
13/08/2011  8.5    6.5    33.5   23.5 
14/08/2011  0      5      34.5   23.5 
15/08/2011  58     3.8    35     23.5 
16/08/2011  4.5    2.5    34     23 
17/08/2011  2      5.4    34.5   23 
18/08/2011  19     7      35     24 
19/08/2011  0      5.2    34.5   23.5 
20/08/2011  7      6.8    35     23 
21/08/2011  0      5.1    34.5   23.5 
22/08/2011  121    5.1    36     23.5 
23/08/2011  4      5      34.5   23 
24/08/2011  0      4      32.5   23 
25/08/2011  0      5      35     24.5 
26/08/2011  3.5    5.5    35     23.5 
27/08/2011  8      5      34.5   23.5 
28/08/2011  32.5   6      33.5   24 
29/08/2011  0      6.3    33.5   22 
30/08/2011  23     5.5    34.5   22 
31/08/2011  10     5      35     24 
01/09/2011  34     2      31.5   23.5 
02/09/2011  3      3      33     24 
03/09/2011  1      3      31     23 
04/09/2011  34.5   8.5    34     22.5 
05/09/2011  0      4      34     22.5 
06/09/2011  4.5    4.1    35.5   23.5 
07/09/2011  0      3.8    34     25.5 
08/09/2011  0      6.1    34.5   24.5 
09/09/2011  0      6      34.5   24 
10/09/2011  0      6.5    34.5   23.5 
11/09/2011  0      7      36     23.5 
12/09/2011  2      3      35     24.5 
13/09/2011  0      5      36     24 
14/09/2011  0      6      36.5   24 
15/09/2011  0      4      36     25 
16/09/2011  44.5   2.5    31     25.5 
17/09/2011  0      4      35     23.5 
18/09/2011  0      5.4    36.5   23 
19/09/2011  7.5    6.1    37     24.5 
20/09/2011  0      5.3    34     23.5 
21/09/2011  0      6.7    36.5   23.5 
22/09/2011  0      4      36.5   24.5 
23/09/2011  0      5      36     26 
24/09/2011  0.5    5.5    35     26 
25/09/2011  0      5      36     25.5 
26/09/2011  18     4      34.5   24.5 
27/09/2011  23     5.8    34.5   24.5 
28/09/2011  0      4      33     22.5 
29/09/2011  0      5.4    35     23 
30/09/2011  0      5.6    35.5   22.5 
01/10/2011  61     8.5    36     23.5 
02/10/2011  0      4      33.5   22.5 
03/10/2011  0      6      35     22.5 
04/10/2011  0      4.6    36     24 
05/10/2011  0      4      36     23.5 
06/10/2011  0      5.8    36.5   24 
07/10/2011  31     6.6    36     24.5 
08/10/2011  3      5.5    33     23 
09/10/2011  0      2.5    32.5   22.5 
10/10/2011  1      0.4    28     22.5 
11/10/2011  2.2    0.6    27     23.5 
12/10/2011  4.5    0.7    27     22 
13/10/2011  3      1.8    30.5   21.5 
14/10/2011  2      4.6    33.5   22 
15/10/2011  0      5.4    33.5   23 
16/10/2011  0      5      34     23.5 
17/10/2011  0      4.4    35     23 
18/10/2011  0      5      35.5   23 
19/10/2011  0      4.8    36.5   23 
20/10/2011  0      4.2    35     23.5 
21/10/2011  0      4      34     23 
22/10/2011  0      4.3    34.5   23 
23/10/2011  0      4.7    35     23 
24/10/2011  0      4.4    36     23 
25/10/2011  0      5.6    35     23 
26/10/2011  0      3      35     22.5 
27/10/2011  0      5.7    34.5   22 
28/10/2011  0      4.6    35.5   22 
29/10/2011  0      3.7    34.5   22 
30/10/2011  0      6      34.5   21.5 
31/10/2011  0      4      34     20 
01/11/2011  0      4      35     20 
02/11/2011  0      4      34.5   20.5 
03/11/2011  0      2.9    34     20.5 
04/11/2011  0      5.5    34.5   20.5 
05/11/2011  0      4.5    34.5   20 
06/11/2011  0      4.5    34.5   18.5 
07/11/2011  0      4.4    33     19 
08/11/2011  0      4.1    34     19.5 
09/11/2011  0      4.5    34     20 
10/11/2011  0      4      32.5   19 
11/11/2011  0      4      34.5   19 
12/11/2011  0      2.4    33.5   19.5 
13/11/2011  0      4.2    34     19 
14/11/2011  0      4.4    34     19 
15/11/2011  0      4.3    34     19.5 
16/11/2011  0      4.7    32     19 
17/11/2011  0      4.3    31.5   18.5 
18/11/2011  0      3.2    32.5   18 
19/11/2011  0      5      33.5   18 
20/11/2011  0      3.5    32.5   19 
21/11/2011  0      3.5    33.5   19 
22/11/2011  0      3.2    31.5   19.5 
23/11/2011  0      3      31.5   19 
24/11/2011  0      3.4    31.5   19.5 
25/11/2011  0      4.8    31.5   19.5 
26/11/2011  0      3.2    31.5   18.5 
27/11/2011  0      4.6    32.5   19 
28/11/2011  0      5      34.5   14.5 
29/11/2011  0      4      33.5   12.5 
30/11/2011  0      3.9    31.5   12.5 
01/12/2011  0      4.1    31.5   13 
02/12/2011  0      3      30.5   14.5 
03/12/2011  0      3      31.5   15 
04/12/2011  0      4      31     16 
05/12/2011  0      3.4    28.5   16 
06/12/2011  0      3.2    28.5   17 
07/12/2011  0      3      30.5   14.5 
08/12/2011  0      3      31     14.5 
09/12/2011  0      3.1    31     15.5 
10/12/2011  0      3      31.5   15 
11/12/2011  0      3.2    30.5   15.5 
12/12/2011  0      3.6    29.5   15.5 
13/12/2011  0      4.2    30     15.5 
14/12/2011  0      3.6    29.5   15.5 
15/12/2011  0      3.6    28.5   15.5 
16/12/2011  0      4      28.5   16.5 
17/12/2011  0      3      30     15.5 
18/12/2011  0      4      30     15.5 
19/12/2011  0      3.7    28     15.5 
20/12/2011  0      2.2    28.5   15 
21/12/2011  0      2.5    28     15 
22/12/2011  0      2.6    28.5   15.5 
23/12/2011  0      3      27.5   14 
24/12/2011  0      3.7    27.5   14 
25/12/2011  0      3.3    28     14.5 
26/12/2011  0      3      29     14.5 
27/12/2011  0      3      28.5   15 
28/12/2011  0      3      30     15 
29/12/2011  0      3.7    29     15 
30/12/2011  0      3.6    29.5   14.5 
31/12/2011  0      3.6    29     14.5 
01/01/2012  0      2.7    30.5   16 
02/01/2012  0      3.3    30.5   16 
03/01/2012  0      3      32.5   16.5 
04/01/2012  0      4      33.5   15 
05/01/2012  0      4.1    31.5   14 
06/01/2012  0      2.9    30.5   14 
07/01/2012  0      3.6    30     16 
08/01/2012  0      4.1    29     14 
09/01/2012  0      3.6    30.5   14 
10/01/2012  0      3.7    28.5   14 
11/01/2012  0      2.8    31     14.5 
12/01/2012  0      3.5    31.5   13.5 
13/01/2012  0      3.3    31.5   14 
14/01/2012  0      1.8    29     17 
15/01/2012  0      3.4    30     16 
16/01/2012  0      3.6    33.5   15.5 
17/01/2012  0      4.6    34     14 
18/01/2012  0      4      31.5   14 
19/01/2012  0      1.7    28.5   15 
20/01/2012  0      3.3    29.5   15.5 
21/01/2012  0      3.7    30     15 
22/01/2012  0      3.4    30.5   15.5 
23/01/2012  0      4.3    29.5   14 
24/01/2012  0      2.6    30     13.5 
25/01/2012  0      5.1    30.5   15.5 
26/01/2012  0      3.6    29.5   15 
27/01/2012  0      3.7    31     14.5 
28/01/2012  0      4.5    31.5   14.5 
29/01/2012  0      3.2    29     14 
30/01/2012  0      3.8    30     14.5 
31/01/2012  0      4      31.5   16.5 
01/02/2012  0      3.5    33     17 
02/02/2012  0      4.7    30.5   15 
03/02/2012  0      2.8    29.5   15 
04/02/2012  0      5.5    31.5   16 
05/02/2012  0      4.5    31.5   16 
06/02/2012  0      4.5    31.5   16 
07/02/2012  0      4.8    34.5   16 
08/02/2012  0      3.7    32     13 
09/02/2012  0      4      31.5   12.5 
10/02/2012  6      1      25     15 
11/02/2012  5.5    1.5    21.5   17.5 
12/02/2012  0.5    0.5    28     16 
13/02/2012  0      4      31     16.5 
14/02/2012  0      3      28.5   18 
15/02/2012  1.5    1.5    27     19.5 
16/02/2012  0      2.4    25     20 
17/02/2012  0      2.4    28     19 
18/02/2012  0      4.8    28     18 
19/02/2012  0      4.4    29     16 
20/02/2012  0      3.6    29     16 
21/02/2012  0      2      30.5   13.5 
22/02/2012  0      4.4    31.5   17 
23/02/2012  0      3      29.5   17 
24/02/2012  0      6      31     18 
25/02/2012  0      5      29     14 
26/02/2012  0      3.8    30     14 
27/02/2012  0      4.2    32     14.5 
28/02/2012  0      4.5    30.5   16 
29/02/2012  0      4.5    28.5   15 
01/03/2012  0      4      30     14 
02/03/2012  0      4      30.5   14 
03/03/2012  0      6.5    30     14 
04/03/2012  0      6.1    29.5   14 
05/03/2012  0      5      34     15.5 
06/03/2012  0      6.4    32     17.5 
07/03/2012  0      6.2    34     14 
08/03/2012  0      6.6    35.5   14 
09/03/2012  0      5.5    32     14.5 
10/03/2012  0      5.7    31.5   15 
11/03/2012  0      6.4    32     15 
12/03/2012  0      6.8    35     15.5 
13/03/2012  0      7      36.5   15.5 
14/03/2012  0      6.8    35.5   14.5 
15/03/2012  0      6.7    33.5   14 
16/03/2012  0      4.5    33     14.5 
17/03/2012  0      4.6    31     16 
18/03/2012  0      4      30     18 
19/03/2012  0      5.7    31.5   18 
20/03/2012  0      5.7    29     17.5 
21/03/2012  0      5      30     16 
22/03/2012  0      6.5    30.5   16 
23/03/2012  0      7.3    30.5   16.5 
24/03/2012  0      6.7    29.5   16.5 
25/03/2012  0      6.6    30     16.5 
26/03/2012  0      5.4    32     16.5 
27/03/2012  0      5.5    31.5   17 
28/03/2012  0      6.5    32.5   18.5 
29/03/2012  0      5      31.5   20 
30/03/2012  0      7      33.5   19.5 
31/03/2012  0      6.8    33     18 
01/04/2012  0      7.2    32.5   16.5 
02/04/2012  0      7      32.5   13.5 
03/04/2012  0      5.9    31.5   13.5 
04/04/2012  0      7.1    31.5   14 
05/04/2012  0      4.5    28     17 
06/04/2012  0      6.1    32     17.5 
07/04/2012  0      5.4    32     16 
08/04/2012  0      8.2    33.5   15 
09/04/2012  0      7.8    35.5   14.5 
10/04/2012  0      7      35     14 
11/04/2012  0      6.3    33.5   13 
12/04/2012  0      5.3    30.5   13 
13/04/2012  0      7.2    31     17 
14/04/2012  0      7.3    31.5   17 
15/04/2012  0      7.4    31     17 
16/04/2012  0      5.1    32     16 
17/04/2012  0      5.5    32     15.5 
18/04/2012  0      6      32.5   15.5 
19/04/2012  0      5.2    34     15.5 
20/04/2012  0      6.4    36.5   15 
21/04/2012  0      6.3    33.5   14 
22/04/2012  0      6.7    33.5   13.5 
23/04/2012  0      5.3    33.5   16.5 
24/04/2012  0      5.3    33.5   16 
25/04/2012  0      5.3    34     16 
26/04/2012  0      5      35     16 
27/04/2012  0      5      35     17 
28/04/2012  0      5      33.5   17 
29/04/2012  0      7.4    33     18.5 
30/04/2012  0      4.6    32     18.5 
01/05/2012  0      7      32     19 
02/05/2012  0      6.4    32     20 
03/05/2012  0      5.6    33.5   20 
04/05/2012  0      6      33.5   20 
05/05/2012  0      6      35     20.5 
06/05/2012  0      6.6    34     22 
07/05/2012  0      6      33.5   20 
08/05/2012  0      7.8    34     19.5 
09/05/2012  0      7      35     18 
10/05/2012  0      6.2    34.5   19 
11/05/2012  0      6.2    35     18.5 
12/05/2012  0      7.3    35     17 
13/05/2012  0      7.3    34.5   17.5 
14/05/2012  0      6.7    38     17.5 
15/05/2012  0      7.1    38     19 
16/05/2012  0      6.2    35     19 
17/05/2012  0      6.2    34     19 
18/05/2012  0      7.8    33.5   19.5 
19/05/2012  0      6      34     19 
20/05/2012  0      7.5    34.5   19 
21/05/2012  0      6.3    35.5   19 
22/05/2012  0      7.7    35.5   22 
23/05/2012  0      8.6    37     21.5 
24/05/2012  4.5    4.5    36     22.5 
25/05/2012  5.5    3      31.5   23 
26/05/2012  6.5    1      31.5   23.5 
27/05/2012  0      7      36     23.5 
28/05/2012  0      7.1    36.5   23 
29/05/2012  0      6.9    35.5   24 
30/05/2012  0      3.4    34     24 
31/05/2012  0      7.4    35     23.5 
01/06/2012  0      6.8    34.5   23.5 
02/06/2012  0      6.6    34     25 
03/06/2012  0      7.4    33.5   24.5 
04/06/2012  0      7      34.5   21 
05/06/2012  0      7.2    33.5   21 
06/06/2012  0      7.8    34     24 
07/06/2012  0      6.4    34.5   24.5 
08/06/2012  0      5.9    35     24.5 
09/06/2012  0      6      34.5   24.5 
10/06/2012  0      6.8    37.5   24 
11/06/2012  0      7      36.5   24 
12/06/2012  0      6.8    37     24 
13/06/2012  0      6.4    38.5   24 
14/06/2012  0      6.7    38.5   25.5 
15/06/2012  0      8.3    38     26 
16/06/2012  20     9      37     25.5 
17/06/2012  31     7.7    34.5   23.5 
18/06/2012  6.5    7.5    35.5   23.5 
19/06/2012  19.5   8.5    34.5   23.5 
20/06/2012  49     1.2    34     23 
21/06/2012  7      6      33     20.3 
22/06/2012  32     10     33     23.5 
23/06/2012  0      4.4    34.5   23 
24/06/2012  7      5.6    32.5   23 
25/06/2012  6      3.6    32.5   24 
26/06/2012  4.5    3.9    32     24 
27/06/2012  6      5      33     21.5 
28/06/2012  3      5.5    34.5   21.5 
29/06/2012  1.5    6      34.5   23.5 
30/06/2012  65.5   5.8    35     24 
01/07/2012  6      4.5    32     22.5 
02/07/2012  0      4.5    34     22.5 
03/07/2012  29.5   5.5    34.5   23.5 
04/07/2012  0      7      34.5   22.5 
05/07/2012  3.5    5      35     22.5 
06/07/2012  2      6.2    34     23.5 
07/07/2012  0      4.9    33.5   22.5 
08/07/2012  0      6      37     22 
09/07/2012  0      5.6    36.5   23.5 
10/07/2012  85     12     35.5   24.5 
11/07/2012  3      4      33     22.5 
12/07/2012  29     8      34.5   22.5 
13/07/2012  63.5   5.5    33.5   23.5 
14/07/2012  0      3      33.5   23 
15/07/2012  19.5   4.5    29     22.5 
16/07/2012  0      4      33     23 
17/07/2012  9.5    5.1    34.5   23 
18/07/2012  0      7      35.5   22.5 
19/07/2012  3      5.4    36.5   23.5 
20/07/2012  0      4.4    35.5   24.5 
21/07/2012  37.5   8.1    36     24 
22/07/2012  0      7      34.5   23 
23/07/2012  0.5    3.5    34     23 
24/07/2012  10.5   4.5    34.5   24.5 
25/07/2012  0.5    6      36     22 
26/07/2012  0      7      36.5   22 
27/07/2012  10.5   3.5    36     24 
28/07/2012  1      4.5    35.5   23.5 
29/07/2012  3.5    7.5    36     22.5 
30/07/2012  0      5.2    35.5   22.5 
31/07/2012  0      7.9    36.5   23 
01/08/2012  15     8.4    37     24 
02/08/2012  11.5   7.5    35     24 
03/08/2012  0.5    1.5    32.5   24 
04/08/2012  44     9      35.5   23.5 
05/08/2012  1      4      35     23 
06/08/2012  0      5      35     23 
07/08/2012  0      4      35     23.5 
08/08/2012  0.5    4.5    36     23 
09/08/2012  0      6.9    37.5   23 
10/08/2012  0      5      35     24.5 
11/08/2012  10     4      34     26 
12/08/2012  1.5    4.5    35     25 
13/08/2012  3      2      31     25 
14/08/2012  6      1      31     24 
15/08/2012  0.5    2.5    34.5   23 
16/08/2012  0      6      33.5   23 
17/08/2012  28.5   5.2    35     22.5 
18/08/2012  69     4.3    35.5   22.5 
19/08/2012  13.5   3.5    33     22.5 
20/08/2012  20     3      33     22.5 
21/08/2012  66     3      33     23 
22/08/2012  39     4      34     20.3 
23/08/2012  70     8      34.5   23 
24/08/2012  0      5      32     23.5 
25/08/2012  61     4.5    32.5   24 
26/08/2012  1.5    2.5    32.5   23 
27/08/2012  4      5      34.5   23 
28/08/2012  0      5      35     24 
29/08/2012  13     6      34.5   23.5 
30/08/2012  0      6      34.5   24 
31/08/2012  11     5      36     24 
01/09/2012  15     6      36     23 
02/09/2012  2      3      33.5   23 
03/09/2012  3      4.5    35.5   23.5 
04/09/2012  0      5.1    34     23.5 
05/09/2012  0      6.4    35     24 
06/09/2012  0      5      35.5   23 
07/09/2012  0.5    6.5    36.5   23 
08/09/2012  9      6      36.5   25 
09/09/2012  0      5      35     23.5 
10/09/2012  0      3      35     23 
11/09/2012  10     5.4    34     24.5 
12/09/2012  1.5    2.1    31     23 
13/09/2012  0      4.9    34     23 
14/09/2012  2.5    3.6    35.5   23 
15/09/2012  0      5      35.5   23 
16/09/2012  0      4.7    36.5   21.5 
17/09/2012  0      6.3    36.5   24 
18/09/2012  0      6      37     24 
19/09/2012  0      4.8    37     24.5 
20/09/2012  0      4.7    36.5   24.5 
21/09/2012  0      4.5    35.5   24 
22/09/2012  0      4.8    35     23.5 
23/09/2012  4      4.2    35.5   23.5 
24/09/2012  2      3      35     25 
25/09/2012  0      1      29.5   25 
26/09/2012  48.5   7.5    34.5   24 
27/09/2012  8      3      34.5   22 
28/09/2012  63     5      27.5   22 
29/09/2012  0      5      33.5   21.5 
30/09/2012  0      6      34.5   21.5 
01/10/2012  0      3      35     23.5 
02/10/2012  0      6      34.5   24.5 
03/10/2012  0      4      37     24.5 
04/10/2012  0      4.7    36.5   23.5 
05/10/2012  0      5.9    36     23.5 
06/10/2012  0      5      35.5   23.5 
07/10/2012  0      6.3    37.5   23 
08/10/2012  0      4.7    36.5   23 
09/10/2012  0      6.9    37     24 
10/10/2012  0      4.4    36.5   24 
11/10/2012  1      2.7    37     24 
12/10/2012  0      4.5    36     22 
13/10/2012  4.5    5      35     22 
14/10/2012  0      3      36     23.5 
15/10/2012  39     2      36     22 
16/10/2012  0      1      34.5   22 
17/10/2012  0      0.7    35     21.5 
18/10/2012  0      5.3    36     22 
19/10/2012  0      4.6    35     22 
20/10/2012  0      5.2    36     23 
21/10/2012  0      2.2    35     23.5 
22/10/2012  0      4      35.5   24.5 
23/10/2012  0      4.4    35.5   24 
24/10/2012  0      3.6    35.5   24 
25/10/2012  0      6      36     24.5 
26/10/2012  0      4.7    35.5   23.5 
27/10/2012  0      6      35.5   21 
28/10/2012  0      4.4    35     20.5 
29/10/2012  0      3.6    34.5   21.5 
30/10/2012  0      3      36     21.5 
31/10/2012  0      4.6    35.5   21.5 
01/11/2012  0      4.9    35     22 
02/11/2012  28     6.5    34     22 
03/11/2012  0      2      27.5   21 
04/11/2012  0      1.8    30     21.5 
05/11/2012  0      2.6    32.5   21.5 
06/11/2012  0      3.9    33     21 
07/11/2012  0      3.7    33     20.5 
08/11/2012  0      5      34.5   20.5 
09/11/2012  0      4.2    35     20.5 
10/11/2012  0      4.8    34     20.5 
11/11/2012  0      3.8    34.5   21 
12/11/2012  0      3.8    33     20.5 
13/11/2012  0      3      33     20.5 
14/11/2012  0      3.4    33     21 
15/11/2012  0      4      34.5   21 
16/11/2012  0      4      33.5   19 
17/11/2012  0      2.2    35     18.5 
18/11/2012  0      2.2    35     21.5 
19/11/2012  0      2.1    34     21.5 
20/11/2012  0      2.1    34     18.5 
21/11/2012  0      1      35     18.5 
22/11/2012  0      1      34     20.5 
23/11/2012  0      4.8    34     21 
24/11/2012  0      4.2    33     21.5 
25/11/2012  0      4      33     21 
26/11/2012  0      3      33     21 
27/11/2012  0      5      34     21 
28/11/2012  0      3.5    33     21 
29/11/2012  0      4      34     20.5 
30/11/2012  0      4.1    33     19 
01/12/2012  0      5.1    33     19 
02/12/2012  0      3.8    32.5   20 
03/12/2012  0      3.6    33.5   19.5 
04/12/2012  0      5      33     19.5 
05/12/2012  0      3.3    32     18 
06/12/2012  0      3.5    33     18 
07/12/2012  0      3.7    31     19 
08/12/2012  0      3.8    30     18.5 
09/12/2012  0      2.6    31.5   18.5 
10/12/2012  0      4.3    31.5   16.5 
11/12/2012  0      2.8    30.5   16.5 
12/12/2012  0.5    2      31.5   17.5 
13/12/2012  0      3.1    27.5   18.5 
14/12/2012  0      4.1    33     18 
15/12/2012  0      1.6    32.5   18 
16/12/2012  0      4.3    31.5   17.5 
17/12/2012  0      2.1    31     16 
18/12/2012  0      3      31.5   15.5 
19/12/2012  0      4      32.5   15.5 
20/12/2012  0      3.4    31.5   17 
21/12/2012  0      3      32     17 
22/12/2012  0      4.6    31     17 
23/12/2012  0      3      33     15 
24/12/2012  0      3.5    31     14 
25/12/2012  0      3      31     14 
26/12/2012  0      3.5    30.5   14 
27/12/2012  0      4      29.5   13.5 
28/12/2012  0      5      30     16.5 
29/12/2012  0      3.5    31.5   16.5 
30/12/2012  0      3.9    32     16 
31/12/2012  1.1    0.6    25     16 
01/01/2013  23     3.2    21     19 
02/01/2013  2      2.5    22.5   17 
03/01/2013  0      3.9    30.5   15 
04/01/2013  0      2.6    30     15.5 
05/01/2013  0      3.4    30     17.5 
06/01/2013  0      3.6    29.5   15 
07/01/2013  0      2.3    30.5   14.5 
08/01/2013  0      0.7    25     14.5 
09/01/2013  0      4      27     18 
10/01/2013  0      3.2    32.5   15 
11/01/2013  0      2.8    31.5   15 
12/01/2013  0      4      29.5   17.5 
13/01/2013  0      3.7    28     18 
14/01/2013  0      1.3    25     18 
15/01/2013  0      2      24.5   18 
16/01/2013  0      2      27.5   16.5 
17/01/2013  0      2      31.5   16.5 
18/01/2013  0      3.6    32.5   17 
19/01/2013  0      3.4    30.5   16.5 
20/01/2013  0      3      30.5   16 
21/01/2013  0      3      30     16 
22/01/2013  0      3.5    32.5   16 
23/01/2013  0      2.5    30.5   16 
24/01/2013  0      3.5    32.5   17 
25/01/2013  0      4      31     16 
26/01/2013  0      4.2    32.5   16 
27/01/2013  0      3.8    31     15.5 
28/01/2013  0      4.3    32.5   15 
29/01/2013  0      2.9    30.5   17 
30/01/2013  0      4.8    30     16 
31/01/2013  0      3      30     15 
01/02/2013  0      5      34     15.5 
02/02/2013  0      5      33.5   15.5 
03/02/2013  0      5      31.5   13.5 
04/02/2013  0      4.6    31     13.5 
05/02/2013  0      4.4    33     10 
06/02/2013  0      4.3    30     13.5 
07/02/2013  0      4.7    32.5   13.5 
08/02/2013  0      5      32     15 
09/02/2013  0      2.8    32     15 
10/02/2013  0      5      31     15 
11/02/2013  0      5.1    30.5   19 
12/02/2013  0      4.6    30.5   13 
13/02/2013  0      5.8    30     13 
14/02/2013  0      4.6    29     14.5 
15/02/2013  0      4.6    31     14.5 
16/02/2013  0      4.4    33.5   14 
17/02/2013  0      5      33     14 
18/02/2013  0      6      33.5   13.5 
19/02/2013  0      5      32     13.5 
20/02/2013  0      5.3    31     14 
21/02/2013  0      3.7    30.5   14.5 
22/02/2013  0      4.5    29.5   14.5 
23/02/2013  0      5.2    31     16.5 
24/02/2013  0      4.3    28     16.5 
25/02/2013  0      4.5    30.5   18.5 
26/02/2013  0      5.5    29.5   17 
27/02/2013  0      3.6    30     14 
28/02/2013  0      6.4    30     13.5 
01/03/2013  0      6      30     13 
02/03/2013  0      6.4    32.5   15 
03/03/2013  0      7.6    37     14 
04/03/2013  0      6.4    34.5   12 
05/03/2013  0      7.2    33.5   11.5 
06/03/2013  0      4.9    32     11.5 
07/03/2013  0      5      35     13 
08/03/2013  0      2.4    31     13 
09/03/2013  0      6.2    33.5   16.5 
10/03/2013  0      5.7    29     15 
11/03/2013  0      5.1    28.5   14.5 
12/03/2013  0      4.6    32     13.5 
13/03/2013  0      4.4    32     14 
14/03/2013  0      1.8    28.5   14 
15/03/2013  0      7.2    33     18.5 
16/03/2013  0      7.8    34.5   16.5 
17/03/2013  0      6.2    34.5   15 
18/03/2013  0      6.9    33     14.5 
19/03/2013  0      7.1    35     12 
20/03/2013  0      5.7    32.5   12.5 
21/03/2013  0      4.8    33     15.5 
22/03/2013  0      5.9    33.5   16.5 
23/03/2013  0      7.6    33.5   19 
24/03/2013  0      5.8    33     18.5 
25/03/2013  0      5.8    34.5   18 
26/03/2013  0      6.4    33     16.5 
27/03/2013  0      5      33     17.5 
28/03/2013  0      7.6    36     18 
29/03/2013  0      8.6    39     16.5 
30/03/2013  0      8      39     17 
31/03/2013  0      6.4    34.5   16.5 
01/04/2013  0      5.6    34     17.5 
02/04/2013  0      5      34     16.5 
03/04/2013  0      8      34.5   16 
04/04/2013  0      7      35     18.5 
05/04/2013  0      6.3    34     17 
06/04/2013  0      5.7    34.5   17.5 
07/04/2013  0      7      34.5   19 
08/04/2013  0      6.5    35     18.5 
09/04/2013  0      7.5    34     17 
10/04/2013  0      6      30.5   17 
11/04/2013  0      6.5    33     18.5 
12/04/2013  0      8.3    31     18.5 
13/04/2013  0      6.2    31.5   18.5 
14/04/2013  0      6.9    32.5   16.5 
15/04/2013  0      6.3    32     16 
16/04/2013  0      6.4    33     18.5 
17/04/2013  0      7.4    31.5   20.5 
18/04/2013  0      7      32.5   19.5 
19/04/2013  0      8      33.5   19.5 
20/04/2013  0      5.6    34     21 
21/04/2013  0      8.4    35     21 
22/04/2013  0      8      36.5   21 
23/04/2013  0      6.6    34     20 
24/04/2013  0      6.9    35     19.5 
25/04/2013  0      6      34.5   19.5 
26/04/2013  0      7.5    34.5   19 
27/04/2013  0      8      35     20 
28/04/2013  0      8      34.5   16 
29/04/2013  0      8.4    35.5   16 
30/04/2013  0      7.6    35     14.5 
01/05/2013  0      6      33     15.5 
02/05/2013  0      8      34     18 
03/05/2013  0      7      32.5   17.5 
04/05/2013  0      7.6    33.5   20 
05/05/2013  0      7.7    34.5   20.5 
06/05/2013  0      7.7    35     19.5 
07/05/2013  0      8      34.5   19 
08/05/2013  0      6      34     17.5 
09/05/2013  0      8      36.5   18 
10/05/2013  0      9      36.5   18 
11/05/2013  0      6.5    35     18.5 
12/05/2013  0      7.5    36     18 
13/05/2013  0      6.8    35.5   18.5 
14/05/2013  0      6.7    35.5   19.5 
15/05/2013  0      7.5    37     20 
16/05/2013  0      8      38.5   19.5 
17/05/2013  0      9      36.5   20 
18/05/2013  0      6.6    37     19.5 
19/05/2013  0      7.8    37     19 
20/05/2013  0      9.6    36.5   19 
21/05/2013  0      5      35.5   18.5 
22/05/2013  0      5.6    34     18.5 
23/05/2013  0      8.4    35     20.5 
24/05/2013  0      8.2    33.5   22 
25/05/2013  0      8      36     22 
26/05/2013  0      6.6    35.5   23.5 
27/05/2013  0      7.4    35     23.5 
28/05/2013  0      6.9    34.5   23.5 
29/05/2013  0      2.3    33.5   23.5 
30/05/2013  0      9.1    35     22 
31/05/2013  0      6.7    35     19 
01/06/2013  0      7      34.5   19.5 
02/06/2013  0      6      33.5   22 
03/06/2013  0      8      34     24 
04/06/2013  0      4.5    34.5   24 
05/06/2013  0      5      33.5   24.5 
06/06/2013  0      4      30     23.5 
07/06/2013  0      5.7    34.5   23.5 
08/06/2013  0      6.2    35.5   24.5 
09/06/2013  0      8.1    36.5   23.5 
10/06/2013  0      7      36.5   23 
11/06/2013  0      8.8    36.5   25 
12/06/2013  0      6      38     22 
13/06/2013  0      8      37.5   22 
14/06/2013  0      8      38     23.5 
15/06/2013  0      7      36.5   23.5 
16/06/2013  0      4      35     24 
17/06/2013  0      6.7    37     26 
18/06/2013  0      8.3    37.5   26 
19/06/2013  0      7      38     24.5 
20/06/2013  5      5      37.5   24.5 
21/06/2013  90     4.5    36.5   24 
22/06/2013  0      4      36.5   22.5 
23/06/2013  6      4      34     22.5 
24/06/2013  15.5   3.5    32.5   24.5 
25/06/2013  8.5    2.5    32     24 
26/06/2013  2      3      31     24 
27/06/2013  0      6      35     23 
28/06/2013  0      2      33.5   23 
29/06/2013  20     10     35.5   23 
30/06/2013  1      3.5    33.5   22 
01/07/2013  0      3.5    33.5   21.5 
02/07/2013  20.5   5.5    34.5   25 
03/07/2013  0      6      34.5   24 
04/07/2013  0      6.1    35     24 
05/07/2013  0      0.7    35.5   24 
06/07/2013  2.7    3      33     24.5 
07/07/2013  0.5    4.5    32.5   23.5 
08/07/2013  42.5   5.5    35     23.5 
09/07/2013  0      4      35.5   23 
10/07/2013  0      3      35     23 
11/07/2013  37     6.3    34     22.5 
12/07/2013  1.5    1.5    32     22.5 
13/07/2013  0.5    3.5    33.5   22 
14/07/2013  2.5    4.5    32.5   22.5 
15/07/2013  23     4.5    34     23.5 
16/07/2013  0.5    3      32.5   23 
17/07/2013  0.5    4.1    33     22.5 
18/07/2013  0      4.1    35     23 
19/07/2013  0      6.3    36     23 
20/07/2013  0      7      35.5   24 
21/07/2013  0      3      36     24 
22/07/2013  0      3      34     24.5 
23/07/2013  26.5   5.5    35.5   25 
24/07/2013  4.5    5.5    35     22.5 
25/07/2013  0      7.3    35.5   22.5 
26/07/2013  0      4.7    36     22.5 
27/07/2013  0      8      36.5   21.5 
28/07/2013  10.5   4.5    35.5   24.5 
29/07/2013  0      6.1    35.5   22.5 
30/07/2013  5.5    5.4    36     23.5 
31/07/2013  43     6      35     23.5 
01/08/2013  4.5    2.5    31.5   22 
02/08/2013  0      5      34.5   22.5 
03/08/2013  24.5   6.1    33     24 
04/08/2013  0      5.7    34.5   23.5 
05/08/2013  0      3.7    35.5   23.5 
06/08/2013  10     6      38     23 
07/08/2013  0      5.5    37     23 
08/08/2013  0      5.4    36     22.5 
09/08/2013  6.5    5.6    34     23 
10/08/2013  0      3.5    35.5   23 
11/08/2013  0.5    5      36.5   24 
12/08/2013  1      4      35.5   22 
13/08/2013  0      6      35     22 
14/08/2013  0.5    6.5    37     22.5 
15/08/2013  3.5    5.3    34.5   25 
16/08/2013  0      6      37     24 
17/08/2013  61     7.2    36     24 
18/08/2013  3.5    3.5    35.5   23 
19/08/2013  0      3      35     23 
20/08/2013  1.5    7.5    36     25 
21/08/2013  15.5   4.5    33.5   25 
22/08/2013  0      2      33     22.5 
23/08/2013  21     5      34.5   22.5 
24/08/2013  2.5    4.5    34.5   23 
25/08/2013  0      5      34.5   23 
26/08/2013  23.5   5.3    35     23.5 
27/08/2013  1.5    1.5    35.5   23 
28/08/2013  0.5    4.5    35     23 
29/08/2013  4.5    3.5    35.5   23.5 
30/08/2013  0      3.4    34     21.5 
31/08/2013  0      5.1    34     21.5 
01/09/2013  0      2      35.5   23 
02/09/2013  5.5    6.1    35.5   22.5 
03/09/2013  0.5    4.9    33.5   22.5 
04/09/2013  3      2      32.5   22.5 
05/09/2013  4.5    2.5    28     24 
06/09/2013  1.5    2.5    33.5   23 
07/09/2013  9.5    2.5    30.5   22.5 
08/09/2013  10     0.4    27     23.5 
09/09/2013  35.5   3.1    33     23 
10/09/2013  0      4      34     22 
11/09/2013  0      3.1    34.5   22 
12/09/2013  0      6.4    35.5   24 
13/09/2013  0      4.5    35     24.5 
14/09/2013  0      6      36.5   25 
15/09/2013  12.5   2.5    32.5   25 
16/09/2013  34     0.1    27     24 
17/09/2013  6      2.5    30.5   23 
18/09/2013  2      2.5    34     23 
19/09/2013  10.5   5.5    33.5   22 
20/09/2013  0      4      33.5   24 
21/09/2013  6      4.5    33.5   24 
22/09/2013  100    4.2    30     24.5 
23/09/2013  1      0.5    27.5   24 
24/09/2013  0      1.5    31.5   23 
25/09/2013  0      5      34     23 
26/09/2013  64     6      34.5   24 
27/09/2013  8      2      30.5   23.5 
28/09/2013  0      3      33.5   22.5 
29/09/2013  0      5.2    35.5   22.5 
30/09/2013  0      5      35.5   22.5 
01/10/2013  0      4.8    35.5   22.5 
02/10/2013  0      5.8    35     23.5 
03/10/2013  0      4.8    35.5   23.5 
04/10/2013  11.5   3.5    36     23 
05/10/2013  0      4      35     23 
06/10/2013  0      3.9    35.5   23 
07/10/2013  0.5    5.6    36.5   24 
08/10/2013  0      6      35.5   23 
09/10/2013  0      3.6    35.5   23 
10/10/2013  0      3.9    35.5   23 
11/10/2013  1.5    2.9    35.5   23 
12/10/2013  9.5    5.2    37     23 
13/10/2013  0      5      36.5   22 
14/10/2013  1      4      35     22 
15/10/2013  0      5      36.5   22 
16/10/2013  0      4.8    35     22.5 
17/10/2013  0      6      35.5   24 
18/10/2013  0      4.9    35     24 
19/10/2013  0      4      36.5   24 
20/10/2013  0      4.7    35.5   23.5 
21/10/2013  0      4.2    35     23.5 
22/10/2013  0      3.4    35     22.5 
23/10/2013  0      5.5    35     22.5 
24/10/2013  0      5.2    37     23.5 
25/10/2013  0      5.9    35.5   23.5 
26/10/2013  0      5.1    35.5   23 
27/10/2013  0      4.9    35     22.5 
28/10/2013  0      5.1    36     22 
29/10/2013 Nulo   Nulo   Nulo    23 
01/11/2013  0      5      35.5   22 
02/11/2013  0.5    5.5    35     23.5 
03/11/2013  0      4.4    34.5   23.5 
04/11/2013  19.5   5.1    37     21 
05/11/2013  9.5    4.5    33.5   22 
06/11/2013  0      3.7    33     21 
07/11/2013  0      2      33     22 
08/11/2013  0      3.8    33     21.5 
09/11/2013  0      5      34     21 
10/11/2013  0      3.5    34.5   21 
11/11/2013  0      5.6    33.5   21.5 
12/11/2013  0      3.4    34.5   22.5 
13/11/2013  0      4      38.5   21 
14/11/2013  0      1.8    38.5   20 
15/11/2013  32     1.2    31     19.5 
16/11/2013  7.5    0.5    35.5   21 
17/11/2013  0      2      32     20 
18/11/2013  0      3.5    33     20 
19/11/2013  0      3.1    33     20.5 
20/11/2013  0      4.4    33.5   20.5 
21/11/2013  0      5      34.5   21.5 
22/11/2013  0      3.1    34     21 
23/11/2013  0      2.9    35     20.5 
24/11/2013  0      3.3    34     20.5 
25/11/2013  0      3.7    32.5   20.5 
26/11/2013  0      3.3    32     20 
27/11/2013  0      3.4    34.5   17 
28/11/2013  0      4.9    33     17 
29/11/2013  0      2.4    33     17 
30/11/2013  0      3.8    33.5   18 
01/12/2013  0      3.1    32.5   17.5 
02/12/2013  0      2.6    31.5   17 
03/12/2013  0      2.4    32.5   17 
04/12/2013  0      5      32.5   15.5 
05/12/2013  0      4      32     16.5 
06/12/2013  0      3.6    31.5   17 
07/12/2013  0      3.4    33.5   17 
08/12/2013  0      3.2    31.5   17.5 
09/12/2013  0      3.8    32     18.5 
10/12/2013  0      3      31.5   18 
11/12/2013  0      3      31.5   17 
12/12/2013  0      3.3    31     17 
13/12/2013  0      3.7    33.5   18.5 
14/12/2013  0      3      32.5   17.5 
15/12/2013  0      2.7    31.5   17.5 
16/12/2013  0      2.8    34.5   17.5 
17/12/2013  0      2.5    32     17 
18/12/2013  0      4      33     17 
19/12/2013  0     Nulo   Nulo   Nulo
20/12/2013  0     Nulo   Nulo   Nulo
21/12/2013  0     Nulo   Nulo   Nulo
22/12/2013  0     Nulo   Nulo   Nulo
23/12/2013  0     Nulo   Nulo   Nulo
24/12/2013  0     Nulo   Nulo   Nulo
25/12/2013  20.5  Nulo   Nulo   Nulo
26/12/2013  17.5  Nulo   Nulo   Nulo
27/12/2013  2.5   Nulo   Nulo   Nulo
28/12/2013  10    Nulo   Nulo   Nulo
29/12/2013  6.5   Nulo   Nulo   Nulo
30/12/2013  2.5   Nulo   Nulo   Nulo
31/12/2013  0     Nulo   Nulo   Nulo
06/01/2014 Nulo    1.5    33    Nulo
07/01/2014  0      2.5    30     16.5 
08/01/2014  0      3      30.5   15.5 
09/01/2014  0      2.9    29.5   15 
10/01/2014  0.5    3.6    29     14 
11/01/2014  0      2      26.5   14 
12/01/2014  0      3      31     16.5 
13/01/2014  0      2.8    31     15 
14/01/2014  0      3      30.5   14 
15/01/2014  0      3.2    33     14 
16/01/2014  0      3.1    32.5   14.5 
17/01/2014  0      3.4    33.5   14.5 
18/01/2014  0      5      30.5   12.5 
19/01/2014  0      4.2    31.5   12.5 
20/01/2014  0      4.1    31     14.5 
21/01/2014  0      4.2    32     14.5 
22/01/2014  0      3.5    31.5   14.5 
23/01/2014  0      2.8    31.5   14.5 
24/01/2014  0      3.6    32     19 
25/01/2014  0      3.6    32.5   18.5 
26/01/2014  0      2      31.5   17 
27/01/2014  0      6      31     15.5 
28/01/2014  0      3.6    31     15.5 
29/01/2014  0      3.4    29.5   15 
30/01/2014  0      5      31     15 
31/01/2014  0      3.2    31     15 
01/02/2014  0      4.6    30     15.5 
02/02/2014  0      4.2    30.5   17 
03/02/2014  0      4      30.5   16.5 
04/02/2014  0      4      31     17 
05/02/2014  0      3.6    30     17 
06/02/2014  0      4.2    30     17 
07/02/2014  0      5      33.5   17 
08/02/2014  0      5      33     14.5 
09/02/2014  0      3.3    31.5   14 
10/02/2014  0      5.7    32.5   14 
11/02/2014  0      4      33     15.5 
12/02/2014  0      5.5    33     17 
13/02/2014  0      4.5    33.5   16 
14/02/2014  0      3      32     16 
15/02/2014  0      7      34     16 
16/02/2014  0      4.2    33     12.5 
17/02/2014  0      5.8    32.5   13 
18/02/2014  0      4.2    33     13.5 
19/02/2014  0      3      32.5   15.5 
20/02/2014  0      5.6    32.5   14.5 
21/02/2014  0      5.2    32.5   14.5 
22/02/2014  0      5      32.5   14.5 
23/02/2014  0      5      33     15 
24/02/2014  0      7      35.5   16 
25/02/2014  0      3.9    34     15.5 
26/02/2014  0      4.1    34.5   17 
27/02/2014  0      6.3    35.5   14.5 
28/02/2014  0      6.3    32     14.5 
01/03/2014  0      6.8    33.5   15.5 
02/03/2014  0      5.9    33     16 
03/03/2014  0      5.1    33.5   15.5 
04/03/2014  0      5.1    32.5   15.5 
05/03/2014  0      3.7    31.5   15.5 
06/03/2014  0      7.3    32.5   19 
07/03/2014  0      6      32     17.5 
08/03/2014  0      4.7    32.5   18 
09/03/2014  0      5.3    32     18.5 
10/03/2014  0      8      30.5   18.5 
11/03/2014  0      6      31     17 
12/03/2014  0      5.4    31.5   17.5 
13/03/2014  0      6.6    32.5   16 
14/03/2014  0      3.5    32     16.5 
15/03/2014  0      6.3    32     17 
16/03/2014  0      6.7    32.5   19 
17/03/2014  0      6.5    31.5   15 
18/03/2014  0      6.6    34.5   14 
19/03/2014  0      6.4    34.5   14 
20/03/2014  0      7.8    36.5   17 
21/03/2014  0      3.9    33.5   17.5 
22/03/2014  0      6.3    33.5   19 
23/03/2014  0      5.4    35     18.5 
24/03/2014  0      7.6    34.5   18.5 
25/03/2014  0      6.5    33     15.5 
26/03/2014  0      5.3    34     16.5 
27/03/2014  0      6.8    34.5   16.5 
28/03/2014  0      5.8    35     17.5 
29/03/2014  0      6.6    34.5   17.5 
30/03/2014  0      7      35     17 
31/03/2014  0      7.7    35     17.5 
01/04/2014  0      6.6    37.5   17.5 
02/04/2014  0      6.3    36.5   16 
03/04/2014  0      6.4    35.5   15.5 
04/04/2014  0      6.6    35     15.5 
05/04/2014  0      8      32.5   15.5 
06/04/2014  0      5.9    32.5   17 
07/04/2014  0      6.6    33.5   18.5 
08/04/2014  0      6.5    32.5   18 
09/04/2014  0      3.8    33.5   18.5 
10/04/2014  0      6.9    35.5   18 
11/04/2014  0      6.3    34     17.5 
12/04/2014  0      7.9    33.5   16 
13/04/2014  0      6.1    34     16 
14/04/2014  0      6.9    37     16 
15/04/2014  0      6.1    33.5   17 
16/04/2014  0      6      34     18 
17/04/2014  0     Nulo   Nulo    19.5 
20/04/2014 Nulo   Nulo    35.5  Nulo
21/04/2014  0      6.9    36     19.5 
22/04/2014  0      8.1    35.5   18.5 
23/04/2014  0      6.6    34     16.5 
24/04/2014  0      7.4    33.5   16.5 
25/04/2014  0      5.7    35.5   18.5 
26/04/2014  0      8.3    37.5   20 
27/04/2014  0      6.2    37     19 
28/04/2014  0      8.8    37     18.5 
29/04/2014  0      7      34     18 
30/04/2014  0      6      35     18 
01/05/2014  0      7.2    35     18.5 
02/05/2014  0      7      35.5   21 
03/05/2014  0      6.8    35     20.5 
04/05/2014  0      7      37.5   20.5 
05/05/2014  0      7.9    38     22 
06/05/2014  0      7.1    35.5   21 
07/05/2014  0      2      34     20.5 
08/05/2014  0      7.8    35.5   24 
09/05/2014  0      8.1    36     18.5 
10/05/2014  0      7.7    35.5   19.5 
11/05/2014  0      7.6    35     23 
12/05/2014  0      8.4    35.5   24.5 
13/05/2014  0      7.2    37.5   24.5 
14/05/2014  0      7.8    35.5   21.5 
15/05/2014  0      7.3    36.5   21.5 
16/05/2014  0      8.7    36.5   23 
17/05/2014  0      6.9    37.5   23 
18/05/2014  0      8.7    36.5   22.5 
19/05/2014  0      8      36.5   22 
20/05/2014  0      4.9    38     22 
21/05/2014  0      8.5    37     21.5 
22/05/2014  0      8      37     23 
23/05/2014  0      7.9    36     23 
24/05/2014  0      7.1    37     20 
25/05/2014  0      7.6    37.5   24.5 
26/05/2014  2      7.3    37.5   24 
27/05/2014  11     4.7    36.5   23.5 
28/05/2014  4.5    4.5    35     24 
29/05/2014  2      2.4    29.5   23 
30/05/2014  0      7      35.5   24.5 
31/05/2014  0      7.2    36.5   24.5 
01/06/2014  0      6.8    38.5   26 
02/06/2014  4      6.9    37     26 
03/06/2014  0      5.8    35.5   25.5 
04/06/2014  0      9.7    37     25 
05/06/2014  0      4.6    36.5   25 
06/06/2014  23     9.2    37     24 
07/06/2014  2.5    5.3    34     24 
08/06/2014  15     7      35     24.5 
09/06/2014  2      4.5    33.5   24 
10/06/2014  58     10.5   35.5   24 
11/06/2014  3      3      34.5   24 
12/06/2014  0      6      35.5   24.5 
13/06/2014  2      5.8    35.5   25 
14/06/2014  0      6.2    36     25 
15/06/2014  40.5   9.5    36.5   25.5 
16/06/2014  0      5.9    35     24 
17/06/2014  0      8.6    36     24.5 
18/06/2014  0      3.6    36.5   25.5 
19/06/2014  4.5    8.4    35.5   25 
20/06/2014  3.5    6.4    36     22.5 
21/06/2014  2      3.1    32.5   23 
22/06/2014  1      4      33.5   23 
23/06/2014  0      4      34.5   23.5 
24/06/2014  108    4.5    35.5   24 
25/06/2014  0      5      34.5   23 
26/06/2014  38     11     33.5   23 
27/06/2014  14     3      38     24 
28/06/2014  2      8      36     22 
29/06/2014  14.5   4.5    35.5   22.5 
30/06/2014  15     4      31.5   22 
01/07/2014  9      3.2    31.5   22 
02/07/2014  33     3.8    30.5   22 
03/07/2014  0      2.9    32.5   23 
04/07/2014  4.5    3.6    34     22.5 
05/07/2014  0      8      35     22.5 
06/07/2014  52     6      35.5   22.5 
07/07/2014  0      3.6    34     22 
08/07/2014  24     10.1   36.5   22 
09/07/2014  0      6.5    36     21.5 
10/07/2014  0      6.8    37     22.5 
11/07/2014  0      6.5    37     24 
12/07/2014  0      6.5    38     24 
13/07/2014  0      5      37.5   21.5 
14/07/2014  0      7.9    38     21.5 
15/07/2014  1      4.8    38     22.5 
16/07/2014  0      8.2    36.5   22 
17/07/2014  0      4      37     22 
18/07/2014  0      9      38     24.5 
19/07/2014  7      4.7    36.5   26 
20/07/2014  0      7      38.5   24.5 
21/07/2014  0      6.8    37     24.5 
22/07/2014  0      8.2    38.5   25 
23/07/2014  59     13     38.5   25.5 
24/07/2014  3      5.4    38.5   21.5 
25/07/2014  0      5      35.5   21.5 
26/07/2014  2      7.4    37     22 
27/07/2014  1      4.2    36     23 
28/07/2014  0      6      36.5   22 
29/07/2014  0      6.2    38     22 
30/07/2014  0      4.8    38     24 
31/07/2014  0      7      37.5   24.5 
01/08/2014  3      3.2    34     26 
02/08/2014  0      6.8    37     20.3 
03/08/2014  29     7      37.5   23.5 
04/08/2014  69     7      35     23 
05/08/2014  72     7      34.5   22 
06/08/2014  2      1      35     22 
07/08/2014  0      5.5    34.5   20.3 
08/08/2014  0      5.5    36     22.5 
09/08/2014  0      6.5    37.5   23.5 
10/08/2014  0      6      36.5   23 
11/08/2014  8.5    3.5    38     22.5 
12/08/2014  6      6      34.5   23 
13/08/2014  20     7      36     23 
14/08/2014  4      4      34     22 
15/08/2014  0      5      36     22 
16/08/2014  0      7.2    36.5   22 
17/08/2014  0      4.8    37.5   23.5 
18/08/2014  24     7      36.5   23 
19/08/2014  81     6      35     22 
20/08/2014  0      5      35     22 
21/08/2014  20.5   6.4    36     22.5 
22/08/2014  0      4.1    34     23 
23/08/2014  4.5    4.5    35     22.5 
24/08/2014  0      4.7    34     23.5 
25/08/2014  39.5   6.8    35     23 
26/08/2014  1      3.1    35     22 
27/08/2014  0      5.1    37.5   22 
28/08/2014  0      5.8    36.5   24.5 
29/08/2014  12     5.9    37     26 
30/08/2014  39     7.1    35.5   23 
31/08/2014  28.5   7.5    34     23 
01/09/2014  2.5    0.5    33     23 
02/09/2014  0      3.5    34.5   23 
03/09/2014  3      1.5    32.5   23 
04/09/2014  0      2.8    34.5   23 
05/09/2014  10     2.4    35     22 
06/09/2014  48.5   6.3    34.5   22.5 
07/09/2014  0      5.2    33.5   22 
08/09/2014  0      4.8    33     22.5 
09/09/2014  0      5      34.5   22 
10/09/2014  47     7.4    36     23 
11/09/2014  0      5.3    33     23 
12/09/2014  5.5    4.8    34.5   23 
13/09/2014  0.5    1.5    30.5   22 
14/09/2014  0.5    1.7    32     22 
15/09/2014  1.5    4.3    35.5   22 
16/09/2014  0      4      35     22.5 
17/09/2014  0.5    2.5    34     23.5 
18/09/2014  13.5   3.1    34     23 
19/09/2014  0      4.3    33     23 
20/09/2014  0      4.8    34.5   20 
21/09/2014  0      4.6    34     20 
22/09/2014  0      4.7    35     21 
23/09/2014  11     7      37     21 
24/09/2014  0.5    2.1    34.5   23 
25/09/2014  23     5.9    35     23 
26/09/2014  2.5    3.6    34     24 
27/09/2014  0      5.4    35.5   24 
28/09/2014  0      8.5    36     23.5 
29/09/2014  28.5   3      35     24 
30/09/2014  18.5   3.5    31.5   24 
01/10/2014  3      3      33     24 
02/10/2014  4.5    3.4    33     24 
03/10/2014  0      3.1    34     24 
04/10/2014  2.5    5.4    34.5   24 
05/10/2014  7      5.1    34.5   23 
06/10/2014  0      3      33.5   23 
07/10/2014  0      3.9    34.5   23 
08/10/2014  0      4.7    35     23 
09/10/2014  0      3.7    35.5   24 
10/10/2014  0      6.6    35.5   24 
11/10/2014  0      3.7    35     23 
12/10/2014  0      4.9    35     23.5 
13/10/2014  0      4.6    34.5   23 
14/10/2014  0      4.3    36.5   22.5 
15/10/2014  0      4.1    38     23 
16/10/2014  0      6.2    37     25 
17/10/2014  0      4.7    36.5   25 
18/10/2014  0      4.6    36     24.5 
19/10/2014  1.5    5.2    36     24 
20/10/2014  20     2.6    31.5   25 
21/10/2014  10     4.7    33     23 
22/10/2014  0.5    2.7    33     23 
23/10/2014  0      4.8    33.5   23.5 
24/10/2014  0      4.5    34.5   23.5 
25/10/2014  0      4.3    35.5   24.5 
26/10/2014  0      5.2    36     23.5 
27/10/2014  0      5.2    35     23 
28/10/2014  0      4.3    34.5   23 
29/10/2014  0      5      36.5   23 
30/10/2014  0      4.4    36     23.5 
31/10/2014  0      5      34.5   22.5 
--------------------------------------
