CNA-SMN-CG-GMC-SMAA-CLIMATOLOGIA
BASE DE DATOS CLIMATOLOGICA
DATOS DISPONIBLES EN LA BASE DE DATOS A MARZO 2020;CON LA INFORMACION SUMINISTRADA POR LAS OFICINAS REGIONALES
 
ESTACION  : 14164
NOMBRE    : VILLA GUERRERO
ESTADO    : JALISCO
MUNICIPIO : VILLA GUERRERO
SITUACIÓN : OPERANDO
ORGANISMO : CONAGUA-DGE
CVE-OMM   : Nulo
LATITUD   : 021.983°
LONGITUD  : -103.600°
ALTITUD   : 1,785 msnm
 
EMISION   : 06/04/2020 
 
           PRECIP  EVAP   TMAX   TMIN
  FECHA     (MM)   (MM)   (°C)   (°C)
01/01/2008  0      4.9    28     5.5 
02/01/2008  0      3.4    26     4 
03/01/2008  0      3      20     0 
04/01/2008  0      4.6    23     0 
05/01/2008  0      2.8    25     1 
06/01/2008  0      5.2    26.5   4 
07/01/2008  0      3.4    26.5   5 
08/01/2008  0      5.2    26     4 
09/01/2008  0      8      26     4.5 
10/01/2008  0      5.5    25.5   4 
11/01/2008  0      3.1    25     5.5 
12/01/2008  0      4.4    25     0.5 
13/01/2008  0      3.1    26     0 
14/01/2008  0      2.7    26     1 
15/01/2008  0      5.5    26     2 
16/01/2008  0      3.2    25     1 
17/01/2008  0      4.7    26.5   1.5 
18/01/2008  0      4.1    26.5   2.5 
19/01/2008  0      2.4    26.5   0.5 
20/01/2008  0      4.1    23     1 
21/01/2008  0      6.8    24     5 
22/01/2008  0      6.8    24.5   6 
23/01/2008  0      2.5    26.5   6.5 
24/01/2008  0      4.1    29     9.5 
25/01/2008  0      9.9    28     9 
26/01/2008  0      5.7    28.5   9 
27/01/2008  0      4.6    27.5   7.5 
28/01/2008  0      4.8    27     8 
29/01/2008  0      4.3    27.5   6.5 
30/01/2008  0      5.2    25     6 
31/01/2008  0      5.2    25     4 
01/02/2008  0      4.6    27     2 
02/02/2008  0      4.8    26.5   6 
03/02/2008  0      5      25.5   5.5 
04/02/2008  0      5.1    26.5   4.5 
05/02/2008  0      4.5    25     5 
06/02/2008  0      4.9    25.5   6 
07/02/2008  0      5      25.5   4 
08/02/2008  0      5.2    25     5.5 
09/02/2008  0.5    5.4    27     6.5 
10/02/2008  0      4.5    28.5   9 
11/02/2008  0      4.3    25.5   4 
12/02/2008  0      4.5    26     5 
13/02/2008  0      6.6    26     3.5 
14/02/2008  0      6.6    26     4 
15/02/2008  0      6      26     4 
16/02/2008  0      5.5    28     3 
17/02/2008  0      5.5    28     3 
18/02/2008  0      7.1    28     4 
19/02/2008  0      5.8    29     5 
20/02/2008  0      6.1    28     6 
21/02/2008  0      6.5    27     5.5 
22/02/2008  0      6.5    26.5   3 
23/02/2008  0      4.7    24.5   3.5 
24/02/2008  0      7.3    32     4 
25/02/2008  0      6.9    32     7.5 
26/02/2008  0      6.9    32     7.5 
27/02/2008  0      6.4    32     6.5 
28/02/2008  0      5.2    27     7 
29/02/2008  0      5.2    28     6 
01/06/2008  0      5.4    35.5   12 
02/06/2008  0      8.5    36     15 
03/06/2008  0      11.6   36     15 
04/06/2008  0      9      37     15 
05/06/2008  0      8.8    37     14 
06/06/2008  0      5.1    35     16 
07/06/2008  0      5      36     13.5 
08/06/2008  23     10.6   29.5   14.5 
09/06/2008  41     7.7    30     12 
10/06/2008  17     7.3    27.5   16 
11/06/2008  14.4   8.5    23     15 
12/06/2008  0      5.3    22     15 
13/06/2008  3.5    5      29     15.5 
14/06/2008  3.5    7.7    31     16 
15/06/2008  1.8    6.2    32     14.5 
16/06/2008  0      1.9    31     15 
17/06/2008  3.3    2.8    27.5   16 
18/06/2008  9.8    9.7    32     14 
19/06/2008  0      5.8    32     12 
20/06/2008  0      5.6    32     14 
21/06/2008  8.6    6.2    30     14 
22/06/2008  9      4.7    31     15.5 
23/06/2008  0      7.8    29     15 
24/06/2008  0      6.5    29     15.5 
25/06/2008  0      6.8    30     15.5 
26/06/2008  0      9.1    32     15 
27/06/2008  1.2   Nulo    32     16 
28/06/2008 Nulo   Nulo   Nulo   Nulo
12/08/2008  15    Nulo   Nulo   Nulo
13/08/2008  7.3   Nulo   Nulo   Nulo
14/08/2008  0     Nulo    31     15 
15/08/2008  0     Nulo    26.5   15.5 
16/08/2008  4.2   Nulo    27     15.5 
17/08/2008  0     Nulo    28     14.5 
18/08/2008  9.9   Nulo    24     15 
19/08/2008  32.5  Nulo    27     16 
20/08/2008  18.2  Nulo    25.5   15 
21/08/2008  0.9   Nulo    22.5   16 
22/08/2008  4.3   Nulo    24     15 
23/08/2008  49.2  Nulo    24.5   15 
24/08/2008  0     Nulo    25.5   14 
25/08/2008  9.5   Nulo    26.5   16 
26/08/2008  3.5    2.1    25.5   15.5 
27/08/2008  40     6.6    25     15.5 
28/08/2008  6.4    3.4    26     16 
29/08/2008  11.1   3.4    23     16 
30/08/2008  8.8    4.5    24.5   14 
31/08/2008  0     Nulo    25.5   14 
01/09/2008  0      5.4    25.5   14 
02/09/2008  25.6   5.4    28     14 
03/09/2008  0      3.9    27     14 
04/09/2008  0      3.9    28     16 
05/09/2008  0      6.2    27     14 
06/09/2008  0      5.5    27     13 
07/09/2008  0      4.7    26.5   13.5 
08/09/2008  4.3    4.1    26.5   14 
09/09/2008  0      4.5    22     14 
10/09/2008  0      3.4    27     15 
11/09/2008  0      2.9    26.5   14 
12/09/2008  0      5.5    27     12.5 
13/09/2008  37.1   8      27.5   14 
14/09/2008  0      1.6    28.5   14.5 
15/09/2008  0      1.5    25     14.5 
16/09/2008  11.4   4.7    27     15 
17/09/2008  0      3.4    24.5   15 
18/09/2008  26.2   6.1    25.5   15.5 
19/09/2008  0      5.2    27     14 
20/09/2008  0      4.4    27     13.5 
21/09/2008  0      5.5    26     13.5 
22/09/2008  0      3.6    25.5   14 
23/09/2008  0      9.4    24.5   13.5 
24/09/2008  0      5.8    27     14.5 
25/09/2008  0     Nulo    23     10 
28/09/2008  0     Nulo    26.5   10.5 
30/09/2008  0     Nulo    26     9 
01/10/2008  0      7.2    26     8 
02/10/2008  0      5      25     6 
03/10/2008  0      5.1    25.5   6 
04/10/2008  0      3.9    25.5   5 
05/10/2008  0      4.8    26     6 
06/10/2008  0      5.7    28.5   7 
07/10/2008  0      4.8    29     10.5 
08/10/2008  0      3.5    27.5   13 
09/10/2008  0      3.4    26     11 
10/10/2008  0      3.2    25.5   11.5 
11/10/2008  0      2      28     11 
12/10/2008  0      5      29     12 
13/10/2008  17.8   8.7    26     13 
14/10/2008  0      4.5    28     12 
15/10/2008  0      0.4    27     11 
16/10/2008  0      2.5    26.5   10 
17/10/2008  0      3.5    27     10 
18/10/2008  0      4.8    27     10 
19/10/2008  0      5.8    26     9 
20/10/2008  0      4.8    27.5   8.5 
21/10/2008  0      4.2    28.5   10 
22/10/2008  0      3.2    28     10 
23/10/2008  0      4.2    28     11 
24/10/2008  0      1.8    29     9.5 
25/10/2008  0      3.5    25     10 
26/10/2008  0      1.9    26     10 
27/10/2008  0      5.7    28     11 
28/10/2008  22.8   2.8    26     9 
29/10/2008  0      2.1    26     6 
30/10/2008  0      3.9    23     6 
31/10/2008  0      3.9    27     10.5 
01/11/2008  0      4      27     6.5 
02/11/2008  0      3.1    26     6 
03/11/2008  0      4.7    26     6.5 
04/11/2008  0      2.7    27     7 
05/11/2008  0      2.7    27.5   7 
06/11/2008 Nulo    2.9    27.5   9 
07/11/2008  0      4.6    27     6.5 
08/11/2008  0      3.6    28     7.5 
09/11/2008  0      3.9    27     6.5 
10/11/2008  0      3.3    28     6 
11/11/2008  0      3.6    24.5   8 
12/11/2008  0      3.9    24.5   8 
13/11/2008  0      4.5    26     4 
14/11/2008  0      3.5    26     3 
15/11/2008  0      3.4    24     3 
16/11/2008  0      3.8    26     5 
17/11/2008  0      3.9    26.5   5.5 
18/11/2008  0      6.6    25.5   5 
19/11/2008  0      4      25     2.5 
20/11/2008  0     Nulo    24.5   0 
09/12/2008  0     Nulo    28    -1 
10/12/2008  0      4.2    24     3 
11/12/2008  0      2.9    21     2 
12/12/2008  0      3      32     0 
13/12/2008  0      3.1    25.5   0 
14/12/2008  0      4.4    26     0 
15/12/2008  0      2.4    25     0 
16/12/2008  0      2.8    24     5 
17/12/2008  0      3      28     5 
18/12/2008  0      2.3    27     5 
19/12/2008  0      3.2    27     5 
20/12/2008  0      3      28     5 
21/12/2008  0      4      28     5 
22/12/2008  0      3.1    29     5 
23/12/2008  0      3.4    25     5.5 
24/12/2008  0      2      23     5 
25/12/2008  0      4.2    25     6 
26/12/2008  0      2.4    26     6 
27/12/2008  0      2.9    24     3 
28/12/2008  0      3.5    23.5   7 
29/12/2008  0      2      25     7.5 
30/12/2008  0      2.1    24     8 
31/12/2008  0      2      24     6.5 
01/01/2009  0      2.2    25     7.5 
02/01/2009  0      2.4    25     6.5 
03/01/2009  0      2.5    25     4.5 
04/01/2009  0      3.5    23     5.5 
05/01/2009  0      4.8    25.5   6.5 
06/01/2009  0      2.4    24     6.5 
07/01/2009  0      3.3    22.5   4 
08/01/2009  0      5.1    22.5   2.5 
09/01/2009  0      4.2    27.5   3 
10/01/2009  0      3.5    27     3 
11/01/2009  0      2      22     3.5 
12/01/2009  0      3.9    25     3.5 
13/01/2009  0      5.2    23     6.5 
14/01/2009  0      5.3    25     9 
15/01/2009  0      0.4    25     9 
16/01/2009  0      4.7    23     8 
17/01/2009  0      2.9    21.5   3 
18/01/2009  0      3.1    25.5   4 
19/01/2009  0      5.7    24     3 
20/01/2009  0      6      26     4.5 
21/01/2009  0      3.8    25     7.5 
22/01/2009  0      3.8    26     7.5 
23/01/2009  0      3.3    27     7.5 
24/01/2009  0      5.3    28     7 
25/01/2009  0      3.4    28     7 
26/01/2009  0      4.3    29.5   8 
27/01/2009  0      4.5    29     7.5 
28/01/2009  0      4.3    28     5.5 
29/01/2009  0      6.1    29     5 
30/01/2009  0      3.5    27.5   5 
31/01/2009  0      3.4    27     5 
01/02/2009  0      4.6    26     4 
02/02/2009  0      4.5    25     2.5 
03/02/2009  0      3.2    25.5   2 
04/02/2009  0      4.9    24     3 
05/02/2009  0      5.4    26.5   4 
06/02/2009  0      5.4    26     4 
07/02/2009  0      5.1    26     4 
08/02/2009  0      4.8    29     4 
09/02/2009  0      4.8    29     4 
10/02/2009  0      5.1    26     5 
11/02/2009  0      5.1    25.5   1.5 
12/02/2009  0      4.6    27     4 
13/02/2009  0      5.8    27.5   6 
14/02/2009  0      4.9    27     5.5 
15/02/2009  0      4.6    27.5   5.5 
16/02/2009  0      4      29     5.5 
17/02/2009  0      1.2    30     2 
18/02/2009  0      2.8    30     7 
19/02/2009  0      12.4   30     7 
20/02/2009  0      5.7    30     7 
21/02/2009  0      5.9    30.5   7 
22/02/2009  0      3.7    30     5 
23/02/2009  0      5      27.5   5 
24/02/2009  0      4      27     4.5 
25/02/2009  0      7      30     6.5 
26/02/2009  0     Nulo    32     8 
27/02/2009  0     Nulo    33     9 
28/02/2009  0     Nulo    33     8 
01/03/2009  0      6.5    33     8.5 
02/03/2009  0      7.5    29     9 
03/03/2009  0      6.9    30.5   6.5 
04/03/2009  0      6.6    32     8 
05/03/2009  0      6.2    31.5   9 
06/03/2009  0      6.4    32     9 
07/03/2009  0      5.6    32     6 
08/03/2009  0      6.2    30     7.5 
09/03/2009  0      6.4    31     7.5 
10/03/2009  0      5.8    29     7 
11/03/2009  0      5.5    29.5   8.5 
12/03/2009  0      7.8    29     6 
13/03/2009  0      5.3    29.5   8 
14/03/2009  0      7.7    28.5   8.5 
15/03/2009  0      10     28     6.5 
16/03/2009  0      8.3    28     6 
17/03/2009  0      6.5    29     8.5 
18/03/2009  0      7.6    30.5   9.5 
19/03/2009  0      8.6    32     8.5 
20/03/2009  0      6      32     6 
21/03/2009  0      9.6    30     8 
22/03/2009  0      6.5    32     9.5 
23/03/2009  0      8.5    32     7 
24/03/2009  0      2.7    32     6.5 
25/03/2009  0      7.4    32.5   6 
26/03/2009  0      6.9    31     5 
27/03/2009  0      6.9    28.5   5.5 
28/03/2009  0      6.9    26.5   2.5 
29/03/2009  0      6.9    26.5   2.5 
30/03/2009  0      6.9    26.5   2.5 
31/03/2009  0      6.9    26.5   2.5 
01/04/2009  0     Nulo   Nulo   Nulo
02/04/2009  0     Nulo   Nulo   Nulo
03/04/2009  0     Nulo   Nulo   Nulo
04/04/2009  0     Nulo    31.5   4 
05/04/2009  0     Nulo    31     7 
06/04/2009  0     Nulo    32     6 
07/04/2009  0     Nulo    34.5   7.5 
08/04/2009  0      7.8    32.5   8 
09/04/2009  0      9.8    31.5   8.5 
10/04/2009  0      7.3    30.5   6 
11/04/2009  0      9.5    32     8 
12/04/2009  0      9.1    31     7.5 
13/04/2009  0      7      31     6 
14/04/2009  0      8.2    31     5 
15/04/2009  0      10.6   31     6 
16/04/2009  0      8.6    30     6 
17/04/2009  0      10     30     6.5 
18/04/2009  0      6.6    30.5   9 
19/04/2009  0      7.7    30     9 
20/04/2009  0      8.8    32     10 
21/04/2009  0      6.4    30.5   9 
22/04/2009  0      7.5    32     10 
23/04/2009  0      7.3    33     7 
24/04/2009  0      9.2    32     6 
25/04/2009  0      8.2    32     7 
26/04/2009  0      9.6    34     9 
27/04/2009  0      9.1    33     8 
28/04/2009  0      8.7    34     9 
29/04/2009  0      8.2    35.5   11.5 
30/04/2009  0     Nulo    35     9 
01/05/2009  0      10.5   35.5   11.5 
02/05/2009  0      7.8    36     11 
03/05/2009  0      10.2   34     8 
04/05/2009  0      7.9    35     9.5 
05/05/2009  0      9.9    36     10 
06/05/2009  0      5.8    36     11 
07/05/2009  0      9.6    36     11 
08/05/2009  8      1.6    37.5   13 
09/05/2009  6.9    6.9    36.5   12.5 
10/05/2009  3.5    7.1    36     13 
11/05/2009  3.5    6.8    35     11 
12/05/2009  5      6.4    24     13 
13/05/2009  7.5    6.2    32     12 
14/05/2009  1.7    8      31.5   7 
15/05/2009  0      4.6    32.5   9 
16/05/2009  0      9.3    31     13 
17/05/2009  2      2.2    32     14 
18/05/2009  0      0.2    28     14 
19/05/2009  8.2    1.3    25     14 
20/05/2009  4.2    2.3    25     14 
21/05/2009  0      4.5    24     12 
22/05/2009  0      7.6    27.5   10 
23/05/2009  0      8.4    28.5   9 
24/05/2009  0      4.6    28     11 
25/05/2009  0      8.7    29.5   7 
26/05/2009  0      7.2    30     9 
27/05/2009  0      8.5    29     10 
28/05/2009  0      9.8    32     10.5 
29/05/2009  0      8.7    32     11.5 
30/05/2009  0      7.3    33.5   11 
31/05/2009  0      7.3    33     11 
01/06/2009  0      7.7    32.5   10 
02/06/2009  0      7.7    32.5   10 
03/06/2009  0      7.7    32.5   12 
04/06/2009  0      8.9    32.5   12 
05/06/2009  0      6.9    32     14 
06/06/2009  0      8.1    32     14.5 
07/06/2009  0      8.3    34     14.5 
08/06/2009  0      6.4    35.5   14.5 
09/06/2009  0      7.3    36     14 
10/06/2009  25.4   13.6   34     16 
11/06/2009  1.5    5.7    35     14 
12/06/2009  0      7.5    35     14 
13/06/2009  0      7.6    33.5   14 
14/06/2009  0      8.6    35.5   15.5 
15/06/2009  0      3.5    34     17 
16/06/2009  0      7.7    34     14.5 
17/06/2009  0      3.4    32     15 
18/06/2009  44.6   11.3   30.5   15.5 
19/06/2009  2.5    0.7    29     14 
20/06/2009  9      5      26     15 
21/06/2009  5.5    4.9    27.5   15 
22/06/2009  0      7.4    29     15 
23/06/2009  0      4.4    29.5   14.5 
24/06/2009  0      5.1    27     16 
25/06/2009  0      5.8    29     14 
26/06/2009  4.5    2.8    30     15 
27/06/2009  6.9    4.9    26     16 
28/06/2009  13.7   7.6    28.5   14 
29/06/2009  22.5   5.9    28     14.5 
30/06/2009  22.5   5.9    26     15 
01/07/2009  0.1    4.5    26     15 
02/07/2009  7.5    11.2   25     16 
03/07/2009  0      8.7    26.5   16 
04/07/2009  7.5    6      26     14 
05/07/2009  0      2.8    27     15.5 
06/07/2009  4.2    0.5    26.5   14.5 
07/07/2009  0      2.3    28.5   14.5 
08/07/2009  0      5.7    29.5   15 
09/07/2009  0      5.7    30.5   14 
10/07/2009  0      5.5    30.5   14 
11/07/2009  0      5.3    30     14 
12/07/2009  0      5.3    30     14 
13/07/2009  0      5.3    29     13 
14/07/2009  20     5      29     14 
15/07/2009  1.8    5      30     13.5 
16/07/2009  0      6      29.5   14 
17/07/2009  8.5    5.9    30.5   15 
18/07/2009  0      7.4    29     15 
19/07/2009  6      5.1    30     13.5 
20/07/2009  0      5.4    29     13 
21/07/2009  0      3.2    30     13.5 
22/07/2009  2.2    4.2    30     13 
23/07/2009  17.9   7.4    28.5   12 
24/07/2009  0      8.5    28.5   12.5 
25/07/2009  0      1.7    28.5   13 
26/07/2009  0      5.8    30.5   15.5 
27/07/2009  0      5.5    31     14 
28/07/2009  47     8.6    31     14.5 
29/07/2009  0      2.4    30     15 
30/07/2009  0      6.2    27.5   12.5 
31/07/2009  0      6.2    30     14.5 
11/09/2009  0      4.4    31     11 
12/09/2009  0      4.6    27     14 
13/09/2009  10.6   4.3    28.5   14 
14/09/2009  1.1    4.3    28     14.5 
15/09/2009  3.3    3.7    26     14 
16/09/2009  0      2      26     14 
17/09/2009  0      6      27     13.5 
18/09/2009  0      4.4    27.5   14.5 
19/09/2009  8.3    7.7    27     15 
20/09/2009  30     5.3    24.5   14 
21/09/2009  23.5   8.7    27.5   14 
22/09/2009  0      2      28     15 
23/09/2009  0      5.9    27     13 
24/09/2009  0      4.6    26.5   13.5 
25/09/2009  0      3.9    25.5   13.5 
26/09/2009  0      4.2    27     13.5 
27/09/2009  0      4.1    25     13 
28/09/2009  2.5    2.9    26     13 
29/09/2009  0      3.9    26.5   15.3 
30/09/2009  0     Nulo    27     14 
01/10/2009  22.1   5.3    28.5   13.5 
02/10/2009  0      3.3    29     13.5 
03/10/2009  0      5.5    29.5   13.5 
04/10/2009  0      3.5    29     12 
05/10/2009  0      4.3    29     12 
06/10/2009  0      5.6    30     12 
07/10/2009  0      3.5    32     13 
08/10/2009  0      2.8    29     13.5 
09/10/2009  0      2.2    23     15 
10/10/2009  0      2.2    24     15.5 
11/10/2009  0      2.5    26     14 
12/10/2009  0      2.5    27     13.5 
13/10/2009  0      0.7    25     13.5 
14/10/2009  7.1    2.6    28.5   13.5 
15/10/2009  0      4.5    29.5   13 
16/10/2009  0      3      30.5   12.5 
17/10/2009  0.2    5      29     13 
18/10/2009  0      5.8    28     12 
19/10/2009  0     Nulo    29     11 
20/10/2009  0     Nulo    26     10 
21/10/2009  9      6.5    22     12 
22/10/2009  0      4.5    25     11 
23/10/2009  0      2.4    25     12 
24/10/2009  0      3      24     12 
25/10/2009  0      2.5    26     10 
26/10/2009  0      3.7    27     8.5 
27/10/2009  0      3.6    26     9.5 
28/10/2009  0     Nulo    27     9 
29/10/2009  0     Nulo    25     9 
30/10/2009  0     Nulo    25     11 
31/10/2009  0     Nulo    27     6.5 
01/11/2009  0      3.3    28     7 
02/11/2009  0      5.3    27     7.5 
03/11/2009  0      5.1    28     4.5 
04/11/2009  0      6      27     6.5 
05/11/2009  0      3.5    25.5   4 
06/11/2009  0      5.1    24     4 
07/11/2009  0      3.8    23     5.5 
08/11/2009  0      4.5    26     7 
09/11/2009  0      3.3    26     5 
10/11/2009  0      5.4    26.5   5.5 
11/11/2009  0      2.5    25     6.5 
12/11/2009  0      2      23.5   3 
13/11/2009  0      4.3    25.5   3 
14/11/2009  0      2.3    25.5   6 
15/11/2009  0      3.4    26     7 
16/11/2009  0      2.9    28.5   7.5 
17/11/2009  0      3.4    27     9 
18/11/2009  0      4.2    27     9 
19/11/2009  0      4.2    27     7.5 
20/11/2009  0      3.2    26     7 
21/11/2009  0      2.2    25.5   4.5 
22/11/2009  0      2.2    25     6 
23/11/2009  0      3.5    26     5 
24/11/2009  0      4.4    25     4.5 
25/11/2009  0      2.3    25     5.5 
26/11/2009  0      2.7    27.5   7.5 
27/11/2009  0      5      24     10.5 
28/11/2009  0      5      24     10 
29/11/2009  0     Nulo    24     8 
30/11/2009  0     Nulo    24     9 
01/12/2009  26.8   3.5    25.5   11.5 
02/12/2009  0      3.5    19    -1 
03/12/2009  0      2.9    21     0 
04/12/2009  0      2.6    22     2 
05/12/2009  10     2.6    23     4.5 
06/12/2009  13.8   2.2    23     5 
07/12/2009  4      2.2    23.5   5.5 
08/12/2009  0      1.1    21     4.5 
09/12/2009  0      1.8    21.5   6 
10/12/2009  0      3.1    24     5 
11/12/2009  0      3.8    25     6 
12/12/2009  0      1      26     6.5 
13/12/2009  0      7.7    26     6 
14/12/2009  0      0.8    26     6.5 
15/12/2009  0      0.9    25     6 
16/12/2009  0      2.9    26     6.5 
17/12/2009  0      1.9    25     4 
18/12/2009  0      4.9    22.5   5 
19/12/2009  0      7.8    23     3 
20/12/2009  0      2.9    23     2.5 
21/12/2009  0      3.5    27.5   2.5 
22/12/2009  0      1.7    23     2 
23/12/2009  0      2.8    22     2 
24/12/2009  0      4.2    20     3.5 
25/12/2009  0      1.6    21     4.5 
26/12/2009  0      2.4    19.5   4.5 
27/12/2009  0      0.1    19     3 
28/12/2009  0      4.9    22     3 
29/12/2009  0      1.6    23     3 
30/12/2009  0      1.9    19     6 
31/12/2009  0      5.7    24     6.5 
01/01/2010  0      1.3    24.5   3.5 
02/01/2010  0      2      24.5   4 
03/01/2010  18.8   4      15     5 
04/01/2010  0      2.5    21     3.5 
05/01/2010  0      1.2    20     3.5 
06/01/2010  0      2.2    21     5 
07/01/2010  0      4.6    22.5   5.5 
08/01/2010  0      7.1    21     2 
09/01/2010  0      1.4    20     1 
10/01/2010  0      2.9    21     0 
11/01/2010  0      3.4    20.5   0.5 
12/01/2010  2      2      21     5.5 
13/01/2010  0      2.2    20     6 
14/01/2010  9.5    1.7    21     2.5 
15/01/2010  7      1.2    20     1 
16/01/2010  0      1.4    20    -1 
17/01/2010  0      3.3    11    -1 
18/01/2010  0      1.6    20    -1 
19/01/2010  0      3      22     5 
20/01/2010  0      4.3    23     3 
21/01/2010  0      3.5    23     4 
22/01/2010  0      4      25     3 
23/01/2010  0      4.1    25     0 
24/01/2010  0      2.2    24     1.5 
25/01/2010  0      4.7    25     2 
26/01/2010  0      3      27     3 
27/01/2010  0      3.7    26     3.5 
28/01/2010  0      1.7    25.5   5 
29/01/2010  70.5   2.4    24.5   3.5 
30/01/2010  0      3      24     3.5 
01/02/2010  8.5    3.7    22.5   7 
02/02/2010  40     12.1   21.5   8 
03/02/2010  18.5   7.4    11     9 
04/02/2010  5      2.6    11     6 
05/02/2010  0      2.6    14     1.5 
06/02/2010  0      2.6    21     2.5 
07/02/2010  0      3.5    23.5   3 
08/02/2010  0      3.5    22.5   5 
09/02/2010  0      2.7    20.5   7.5 
10/02/2010  0      3.1    22     7 
11/02/2010  0      0.8    22     7 
12/02/2010  0      3.7    17     2.5 
13/02/2010  0      4.8    24     3.5 
14/02/2010  0      3.6    22.5   4 
15/02/2010  0      2.7    24.5   5 
16/02/2010  0      4.2    23.5   6.5 
17/02/2010  10.4   0.7    22.5   8.5 
18/02/2010  7.5    1      15     9 
19/02/2010  6      10.2   18.5   5 
20/02/2010  0      2.6    20     4.5 
21/02/2010  0      5      21.5   4 
22/02/2010  2.2    6.1    23.5   2 
23/02/2010  0      10.2   23     2 
24/02/2010  0      6      23.5   1.5 
25/02/2010  20.3   1.7    23     1 
26/02/2010  0      1.7    24     2 
27/02/2010  0      4.5    25     2.5 
28/02/2010  0      6      26.5   4.5 
01/03/2010  0      5      25     6.5 
02/03/2010  0      5.1    23.5   2.5 
03/03/2010  0      6.4    25.5   4 
04/03/2010  0      5.2    26     4 
05/03/2010  0      3.6    27     6.5 
06/03/2010  0      4.5    26.5   7.5 
07/03/2010  0      4.3    25     2 
08/03/2010  0      2.9    25     1 
09/03/2010  0      2.4    25     6 
10/03/2010  0      8.8    26     6 
11/03/2010  0      4      25     5 
12/03/2010  0      4.9    26.5   2 
27/04/2010  0     Nulo    32     5 
28/04/2010  0     Nulo    30.5   6.5 
29/04/2010  0     Nulo    31     6 
30/04/2010  0     Nulo    30     5 
01/05/2010  0      8.5    29.5   5 
02/05/2010  0      8.8    29.5   4.5 
03/05/2010  0      9      33.5   5.5 
04/05/2010  0      9.1    38     4 
05/05/2010  0      9.1    39     4 
06/05/2010  0      7.8    38.5   9.5 
07/05/2010  0      8.5    36.5   13 
08/05/2010  0      9.3    31.5   12 
09/05/2010  0      8      37.5   4.5 
10/05/2010  0      8      36     4 
11/05/2010  0      8      35.5   3.5 
12/05/2010  0      6.8    35     13 
13/05/2010  0      7.9    34     12 
14/05/2010  0      7.7    35.5   12.5 
15/05/2010  0      5.4    35.5   11.5 
16/05/2010  0      7.9    33.5   9.5 
17/05/2010  0      7.9    33.5   9 
18/05/2010  0      7      32     11 
19/05/2010  0      9.1    24     11.5 
20/05/2010  0      9      36     11 
21/05/2010  0      9      35     12 
22/05/2010  0      8.2    35     10.5 
23/05/2010  0      7.8    35     10 
24/05/2010  0      7.9    35.5   9.5 
25/05/2010  0      7.3    33.5   11 
26/05/2010  0      9.9    29.5   9.5 
27/05/2010  0      8.3    33.5   12.5 
28/05/2010  0      8.5    25     10.5 
29/05/2010  0      8.6    34     10.5 
30/05/2010  0      8.2    33.5   9 
31/05/2010  0      8.6    33.5   9.5 
01/06/2010  0      9.1    35.5   10.5 
02/06/2010  2      8.6    34     8.5 
03/06/2010  0      8.2    33.5   9 
04/06/2010  0      7.8    33.5   10 
05/06/2010  0      8.4    35.5   11 
06/06/2010  0      10.2   36     11.5 
07/06/2010  1      8.2    37     12 
08/06/2010  0      9.2    36     13 
09/06/2010  0      8.2    34.5   13.5 
10/06/2010  0      3.9    35.5   13.5 
11/06/2010  0      13.6   35.5   12 
12/06/2010  0      8.6    35     12.5 
13/06/2010  1      6.5    35     14 
14/06/2010  11     9.8    35     15.5 
15/06/2010  0      7.7    33.5   14.5 
16/06/2010  0      6.4    33.5   14.5 
17/06/2010  12     6.8    32.5   15.5 
18/06/2010  18.5   5.8    32.5   16 
19/06/2010  1.5    4.3    25     14 
20/06/2010  0      8.2    30     14 
21/06/2010  0      6.8    31.5   16 
22/06/2010  0      7.7    32.5   16 
23/06/2010  0      7      32.5   15.5 
24/06/2010  0      5.3    33     14.5 
25/06/2010  0      5.3    30.5   13 
26/06/2010  0      3.2    30.5   15.5 
27/06/2010  5.5    3.2    32     10 
28/06/2010  0      2.6    33.5   11 
29/06/2010  0      2      33.5   16 
30/06/2010  0      2      31     15 
01/07/2010  18.5   4.6    30     15.5 
02/07/2010  0      3      32.5   16 
03/07/2010  0      4      26.5   16 
04/07/2010  1      2.2    27     16 
05/07/2010  0      2.2    26     15 
06/07/2010  0      5.3    24.5   14.5 
07/07/2010  2.6    5.3    29.5   14 
08/07/2010  8.5    5.2    27     15.5 
09/07/2010  26.6   6.5    28.5   15.5 
10/07/2010  3.7    4.9    27.5   14.5 
11/07/2010  11.6   3.8    27.5   15 
12/07/2010  2.1    2.9    27.5   15.5 
13/07/2010  3.4    5.7    26.5   15 
14/07/2010  3.4    8.1    29     15.5 
15/07/2010  0      5.9    28.5   14 
16/07/2010  0      6.8    30     13.5 
17/07/2010  0      6.1    29     15 
18/07/2010  0      6.1    28.5   15.5 
19/07/2010  14.4   4.3    29     15 
20/07/2010  2.8    4.3    30.5   14.5 
21/07/2010  3.7    6.6    29     14.5 
22/07/2010  4.7    5.6    29     14.5 
23/07/2010  27.3   4.1    29     15.5 
24/07/2010  0      3.2    25.5   16 
25/07/2010  9.6    2.5    25.5   16.5 
26/07/2010  20     1.8    24     16 
27/07/2010  13.3   7.4    23.5   16.5 
28/07/2010  0      3.1    23.5   14 
29/07/2010  0      1.3    27     14.5 
30/07/2010  0      4.4    24     15 
31/07/2010  0      4.4    27.5   13.5 
01/08/2010  0      5      27.5   13 
02/08/2010  0      7      29.5   13.5 
03/08/2010  0      7.2    29.5   12 
04/08/2010  3.5    6.4    30     12.5 
05/08/2010  0      3.6    30     13.5 
06/08/2010  0      7.3    28.5   14.5 
07/08/2010  0      1.5    30     14 
08/08/2010  18     7.8    27     15.5 
09/08/2010  6.5    4.7    30     13.5 
10/08/2010  17     5.3    29     14.5 
11/08/2010  11.4   5      28     14.5 
12/08/2010  2.3    4.6    29     15 
13/08/2010  0      4      27.5   15 
14/08/2010  9.5    2.6    27     15 
15/08/2010  0      2.6    26     15 
16/08/2010  0      5.1    34     14 
17/08/2010  0      5.1    27     14 
18/08/2010  0      5.1    28     14 
19/08/2010  6      5      28.5   15 
20/08/2010  0      5.5    28     13.5 
21/08/2010  0      11.4   28     14 
22/08/2010  0      7.7    27.5   13 
23/08/2010  0      4      28.5   15 
24/08/2010  0      10.2   28     11 
25/08/2010  0      9.6    30.5   15 
26/08/2010  21.5   8.9    29.5   14 
27/08/2010  29.5   7.7    29     13 
28/08/2010  0      5.1    29     15 
29/08/2010  0      5.3    30     15 
30/08/2010  0      5.3    30.5   15 
31/08/2010  0      5.3    30     14 
01/09/2010  9      5.8    28.5   14 
02/09/2010  5.3    5.5    29.5   14.5 
03/09/2010  6      6.1    30     15 
04/09/2010  12.1   6      29     13.5 
05/09/2010  0      7      27     14 
06/09/2010  0      7.4    26     15 
07/09/2010  5      2.2    28     15 
08/09/2010  0      2.6    27.5   15.5 
09/09/2010  4.6    3.4    23     15 
10/09/2010  3.5    5.3    27     13.5 
11/09/2010  23.7   8.4    28.5   13 
12/09/2010  0      5.9    28.5   12.5 
13/09/2010  0      5.7    28     13 
14/09/2010  1      5.1    28     12 
15/09/2010  0      5.6    28.5   12 
16/09/2010  0      5.6    29.5   12.5 
17/09/2010  0      4.1    30     13 
18/09/2010  0      5.4    30     15 
19/09/2010  0      4      28     15.5 
20/09/2010  0      3.4    27.5   15.5 
21/09/2010  0      1.6    28.5   15.5 
22/09/2010  0.1    2      23.5   15.5 
23/09/2010  22.5   5.8    25.5   15 
24/09/2010  0      6.2    27.5   13.5 
25/09/2010  1      9.4    27     13.5 
26/09/2010  43.8   10.2   28     14 
27/09/2010  0      3.3    28     15 
28/09/2010  8      3.3    26     14.5 
29/09/2010  0      3.3    26.5   11 
30/09/2010  0      3.3    26.5   11 
01/10/2010  0     Nulo   Nulo   Nulo
02/10/2010  0     Nulo   Nulo   Nulo
03/10/2010  0     Nulo   Nulo   Nulo
04/10/2010  0      6      23     9 
05/10/2010  0      4.4    25.5   5 
06/10/2010  0      5.6    25.5   5 
07/10/2010  0      5.6    26     7 
08/10/2010  0      5.2   Nulo   Nulo
09/10/2010  0      5.2    25.5   7.5 
10/10/2010  0      3.7    27     7.5 
11/10/2010  0      5.7    28.5   7.5 
12/10/2010  0      4.1    29.5   8 
13/10/2010  0      8      28.5   10 
14/10/2010  0      5.5    23     10.5 
15/10/2010  0      5.2    25.5   11.5 
16/10/2010  0      3.6    25     6.5 
17/10/2010  0      5.9    26     9.5 
18/10/2010  0      3.7    28     9.5 
19/10/2010  0      5.1    28.5   7.5 
20/10/2010  0      10     29     6 
21/10/2010  0      3.9    28     6 
22/10/2010  0     Nulo    30.5   8 
23/10/2010  0     Nulo   Nulo   Nulo
26/10/2010  0      4.1    30     3 
27/10/2010  0      3.6    29.5   5 
28/10/2010  0      6.9    31.5   7 
29/10/2010  0      4      30     7 
30/10/2010  0      6      27.5   8.5 
31/10/2010  0     Nulo    29     7.5 
01/11/2010  0     Nulo    29.5   8 
02/11/2010  0     Nulo    31     8 
03/11/2010  0     Nulo    30.5   8.5 
04/11/2010  0     Nulo    24     1 
05/11/2010  0     Nulo    21.5   3.5 
06/11/2010  0     Nulo    24.5   1 
07/11/2010  0     Nulo    25.5   0.5 
08/11/2010  0     Nulo    25.5   0.5 
09/11/2010  0     Nulo    26     3.5 
10/11/2010  0     Nulo    26.5   5.5 
11/11/2010  0     Nulo    27.5   5.5 
12/11/2010  0     Nulo    28.5   4.5 
13/11/2010  0     Nulo    27.5   4 
14/11/2010  0     Nulo    27.5   4 
15/11/2010  0      2.9    26     4 
16/11/2010  0      5.2    23.5   3 
17/11/2010  0      3.7    25     3.5 
18/11/2010  0      3.4    27.5   2.5 
19/11/2010  0      1.3    25     6.5 
20/11/2010  0      6.3    27     7 
21/11/2010  0      3.8    30.5   6.5 
22/11/2010  0      2.6    29     7 
23/11/2010  0      4      29.5   8 
24/11/2010  0      5.1    29.5   7.5 
25/11/2010  0      3.7    29     5.5 
26/11/2010  0      3.7    27     7.5 
27/11/2010  0      3.4    28     3 
28/11/2010  0      3.5    27.5   3.5 
29/11/2010  0     Nulo    26     4 
30/11/2010  0     Nulo    22.5   3 
01/12/2010  0     Nulo    26     3 
02/12/2010  0     Nulo    27.5   3 
03/12/2010  0     Nulo    27.5   3 
04/12/2010  0      3.9    27.5   3 
05/12/2010  0      4.4    28     3 
06/12/2010  0      3.7    27     2 
07/12/2010  0      3.1    25     3.5 
08/12/2010  0      4.9    26.5   3.5 
09/12/2010  0      4.2    24.5  -1.5 
10/12/2010  0      2.3    24     0 
11/12/2010  0      3.3    25     0.5 
12/12/2010  0      4.3    26.5   1 
13/12/2010  0      3.2    27     1.5 
14/12/2010  0      3.6    26.5   2 
15/12/2010  0      3.2    27     4 
16/12/2010  0      3.3    25.5   1 
17/12/2010  0      2.2    24     1 
18/12/2010  0      4.4    25.5   2 
19/12/2010  0      1.5    26     3 
20/12/2010  0      4.7    28     3 
21/12/2010  0      3.7    28     4 
22/12/2010  0      2.7    27.5   4.5 
23/12/2010  0     Nulo    28.5   5.5 
24/12/2010  0     Nulo    27     3 
25/12/2010  0     Nulo    26     3.5 
26/12/2010  0     Nulo    24     3 
27/12/2010  0     Nulo    24     3 
28/12/2010  0      3      24     3 
29/12/2010  0     Nulo    23.5   2.5 
30/12/2010  0     Nulo    22.5   0 
31/12/2010  0     Nulo    23     0 
01/01/2011  0      3.5    22.5  -1 
02/01/2011  0      3.6    24.5   4.5 
03/01/2011  0      3.3    26.5   6.5 
04/01/2011  0      3.2    26     7 
05/01/2011  0      3.5    26     6 
06/01/2011  0      3.6    27     6 
07/01/2011  0      3.7    28     6 
08/01/2011  0      2.8    28     4.5 
09/01/2011  0      4.5    25.5   7 
10/01/2011  0      4.4    24    -1 
11/01/2011  0      2.6    25     1 
12/01/2011  0      3.4    26.5   7 
13/01/2011  0      5.2    25.5   6.5 
14/01/2011  0      1.2    26.5   3.5 
15/01/2011  0      9.1    24.5   1 
16/01/2011  0      6.5    23     1 
17/01/2011  0      3.9    26     1.5 
18/01/2011  0      3.9    23.5   4 
19/01/2011  0      3.8    27.5   3.5 
20/01/2011  0      3.8    27.5   3 
21/01/2011  0      4.7    26.5   0 
22/01/2011  0      3.7    24     0 
23/01/2011  0      3.9    24     1 
24/01/2011  0      4      24     1 
25/01/2011  0      4.1    24     1 
26/01/2011  0      3.4    29     1.5 
27/01/2011  0      4.2    23.5   2 
28/01/2011  0      3.5    26     4.5 
29/01/2011  0      4.4    26.5   3.5 
30/01/2011  0      0.4    25.5   3 
31/01/2011  0      2.4    26     5 
01/02/2011  0      4.3    25.5   3 
02/02/2011  0      3.5    25.5   4.5 
03/02/2011  0      4.3    25     5 
04/02/2011  0      2.7    22.5   3.5 
05/02/2011  0      3.5    24.5   4 
06/02/2011  0      4.4    23     1.5 
07/02/2011  0      4.4    26     2 
08/02/2011  0      4      27     2 
09/02/2011  0      4.9    27     3.5 
10/02/2011  0      6.1    26     4.5 
11/02/2011  0      3.9    27.5   3 
12/02/2011  0      6.6    28     3.5 
13/02/2011  0      4.7    28     2 
14/02/2011  0      4.6    27.5   3 
15/02/2011  0      4.9    27.5   5 
16/02/2011  0      5.5    30     7 
17/02/2011  0      5.6    31     7 
18/02/2011  0      5.2    31     7 
19/02/2011  0      5.3    32     6.5 
20/02/2011  0      6      31.5   7 
21/02/2011  0      6      30.5   6 
22/02/2011  0      5.8    29     6 
23/02/2011  0      5.5    29     6 
24/02/2011  0      5.2    29     4 
25/02/2011  0      5.4    27.5   4 
26/02/2011  0      6.6    29.5   5 
27/02/2011  0      5.8    29     6.5 
28/02/2011  0      6.2    29.5   6 
01/03/2011  0      6.9    31     6 
02/03/2011  0      5.8    32     8 
03/03/2011  0      4.7    32     10 
04/03/2011  0      7.1    33     7 
05/03/2011  0      7.5    31     6 
06/03/2011  0      6.4    31     5 
07/03/2011  0      6.2    30     3 
08/03/2011  0      7.1    27.5   4 
09/03/2011  0      5.4    29.5   4 
10/03/2011  0      5.6    29     8 
11/03/2011  0      5.6    29     7.5 
12/03/2011  0      7.8    29     7.5 
13/03/2011  0      6.7    30.5   7 
14/03/2011  0      7      29     7.5 
15/03/2011  0      6      30     6.5 
16/03/2011  0      6.6    29.5   9 
17/03/2011  0      5      30.5   10 
18/03/2011  0      7.1    30.5   10 
19/03/2011  0      7.2    32.5   9 
20/03/2011  0      6.8    32.5   9 
21/03/2011  0      6.5    33     9.5 
22/03/2011  0      7.2    35.5   9 
23/03/2011  0      7.4    35.5   9 
24/03/2011  0      6.9    33.5   9 
25/03/2011  0      9.6    34     8.5 
26/03/2011  0      6.1    33.5   8 
27/03/2011  0      8      32     7 
28/03/2011  0      8.8    32.5   6 
29/03/2011  0      7.1    31.5   8 
30/03/2011  0      5.8    32     7 
31/03/2011  0      6.4    30     8 
01/05/2011  0     Nulo    34.5   10 
02/05/2011  0     Nulo    33.5   10 
03/05/2011  0     Nulo    35     6.5 
04/05/2011  0     Nulo    32.5   9.5 
05/05/2011  0     Nulo    32.5   11 
06/05/2011  0      6.8    33.5   11.5 
07/05/2011  0      13.7   33.5   10.5 
08/05/2011  0      8.2    34     11.5 
09/05/2011  0      7.9    35     12.5 
10/05/2011  0      8.5    35.5   12 
11/05/2011  0      9.4    34.5   11 
12/05/2011  0      8.9    34.5   10.5 
13/05/2011  0      8.3    34     9.5 
14/05/2011  0     Nulo    35.5   10 
15/05/2011  0     Nulo    36     10 
16/05/2011  0     Nulo    36.5   10 
17/05/2011  0     Nulo    36     10 
18/05/2011  0      10.4   35.5   9.5 
19/05/2011  0      8.2    34     7.5 
20/05/2011  0      10.5   33     8 
21/05/2011  0      8.8    33.5   9 
22/05/2011  0      9.5    35     10 
23/05/2011  0      8.8    35.5   10 
24/05/2011  0      9.1    35.5   11.5 
25/05/2011  0      8.9    37.5   12.5 
26/05/2011  0      10.4   38     11.5 
27/05/2011  0      8.7    29     13 
28/05/2011  2      7.5    38     15 
29/05/2011  0      9.8    28     14 
30/05/2011  0      7.4    37     13 
31/05/2011  0      8.7    37     14 
01/06/2011  0      7.6    37     5.5 
02/06/2011  0      9.9    33.5   12.5 
03/06/2011  0      5.3    34.5   13.5 
04/06/2011  0      11.3   34.5   13.5 
05/06/2011  0      10.3   34.5   14 
06/06/2011  7      6.3    34     16 
07/06/2011  0      7.7    34.5   15 
08/06/2011  0      10.4   35     16 
09/06/2011  0      5.5    35     15 
10/06/2011  0      7.7    35.5   6 
11/06/2011  0      5.7    34.5   14 
12/06/2011  0      9.3    35     14 
13/06/2011  0      7.6    32     14.5 
14/06/2011  0      5.8    34.5   16 
15/06/2011  0      9.1    37.5   13 
16/06/2011  0      7.8    35.5   14.5 
17/06/2011  0      7.6    35     13 
18/06/2011  0     Nulo    35.5   13.5 
19/06/2011  0     Nulo    35     14.5 
20/06/2011  0     Nulo    36.5   15 
21/06/2011  34.6  Nulo    32     17 
22/06/2011  16.6  Nulo    31.5   14.5 
23/06/2011  0     Nulo    26     15 
24/06/2011  0     Nulo    26     15 
25/06/2011 Nulo   Nulo    29     15 
26/06/2011  7.5   Nulo    33.5   15 
27/06/2011  0     Nulo    33.5   15 
28/06/2011  2.2   Nulo    32     7 
29/06/2011  0     Nulo    30.5   14.5 
30/06/2011  0     Nulo    31.5   15.3 
01/07/2011  4.7    4.6    30     18.5 
02/07/2011  0      4      25.5   17.5 
03/07/2011  4.4    5.1    26.5   17.5 
04/07/2011  7.6    3.5    25     17 
05/07/2011  3.3    2.9    26.5   14.5 
06/07/2011  0      5.1    26     15 
07/07/2011  0      0      29.5   15 
08/07/2011  10.9   8.7    31.5   15 
09/07/2011  0      4.9    25     16 
10/07/2011  37     8.9    27.5   16 
11/07/2011  0      4.6    23.5   6.5 
12/07/2011  11.7   7.8    28.5   11 
13/07/2011  32.5   11.9   30     16 
14/07/2011  16.6   9.1    29     14 
15/07/2011  0      4.7    29     15.5 
16/07/2011  0      8.6    29.5   13.5 
17/07/2011  0      4.3    29.5   15 
18/07/2011  0      4      36.5   15.5 
19/07/2011  9.7    8      27     14.5 
20/07/2011  0      5.9    30.5   15 
21/07/2011  0      5.8    28     15 
22/07/2011  8.2    12.7   29     16 
23/07/2011  0      4.6    29     15 
24/07/2011  0      1.9    28     13 
25/07/2011  0      5.5    29.5   13.5 
26/07/2011  0      3.6    30.5   13.5 
27/07/2011  3.5    1.6    27.5   13.5 
28/07/2011  1.5    2.3    30.5   14 
29/07/2011  0      5.9    30.5   15 
30/07/2011  0.5    5.3    30.5   13 
31/07/2011  0      5.6    27.5   13 
01/08/2011  0      6.6    30.5   14 
02/08/2011  0.3    7.8    31.5   14 
03/08/2011  10.3   8.1    31     14.5 
04/08/2011  0      3.1    28     14.5 
05/08/2011  7.2    6.2    30.5   15 
06/08/2011  4      5.2    30     13.5 
07/08/2011  9.6    7.3    23.5   14 
08/08/2011  0      5.9    27.5   13.5 
09/08/2011  0      4.8    28     13 
10/08/2011  2.7    5.1    30     14 
11/08/2011  0      9.3    30     15 
12/08/2011  23.5   5.3    31.5   15.5 
13/08/2011  0      6.5    29.5   14.5 
14/08/2011  0.5    3.9    29     15 
15/08/2011  0      7.6    29.5   15.5 
16/08/2011  0      6.3    31     14.5 
17/08/2011  0      6.6    32     13.5 
18/08/2011  0      1      32     14.5 
19/08/2011  8      13     33     15 
20/08/2011  2.4    4.5    31     14.5 
21/08/2011  0      3.4    30     14.5 
22/08/2011  1.8    5.9    29.5   15 
23/08/2011  3.6    4.2    29     15.5 
24/08/2011  0.3    5      31     15.5 
25/08/2011  8.8    10.8   30.5   15 
26/08/2011  0.3    6.2    30     14 
27/08/2011  2.2    3.4    28     14 
28/08/2011  0      4.3    27     17 
29/08/2011  45.5   4.3    29.5   14 
30/08/2011  0      7      35     12 
31/08/2011  0.6    5.9    29     13 
01/09/2011  0.9    5.3    26     17 
02/09/2011  52.5   13.8   27     15.5 
03/09/2011  0      0.7    24     15 
04/09/2011  0.5    2.5    26     15 
05/09/2011  0      7.4    27.5   16 
06/09/2011  0      4.3    26     13 
07/09/2011  0      7.5    28     12.5 
08/09/2011  0      7      28     9.5 
09/09/2011  0      5      28.5   11 
10/09/2011  0      6.8    29     10 
11/09/2011  0      7.8    29     11 
12/09/2011  0.5    3.6    27     11 
13/09/2011  0      4.9    30     11 
14/09/2011  0      5.8    32.5   11.5 
15/09/2011  0      3.8    31     14 
16/09/2011  0      3.9    30.5   14 
17/09/2011  2.5    4.8    30     13 
18/09/2011  14.6   7.3    30     13.5 
19/09/2011  9.7    4.7    27     14 
20/09/2011  1.4    4.4    27.5   16 
21/09/2011  0      6.1    28     13 
22/09/2011  0      6.7    29     13 
23/09/2011  0      5.8    28     13 
24/09/2011  0      4.2    27     13 
25/09/2011  0      4.9    32     14.5 
26/09/2011  0      3.4    30.5   14 
27/09/2011  0      0.5    31     13 
28/09/2011  0      0.1    25     14 
29/09/2011  2.7    5.1    31     13.5 
30/09/2011  0.4    5      28     12.5 
01/10/2011  0.4    5.2    28     12.5 
02/10/2011  2.5    5.3    27.5   13 
03/10/2011  1.5    4      28     13 
04/10/2011  23     7.5    29.5   13 
05/10/2011  1.5    2.8    31     14 
06/10/2011  0      4.2    30     12.5 
07/10/2011  0      4.1    29.5   12 
08/10/2011  0      4.1    28.5   12.5 
09/10/2011  0      2.8    29     13 
10/10/2011  0      2.6    27     14 
11/10/2011  17     2.1    26.5   15 
12/10/2011  18.8   3.1    22     15 
13/10/2011  0      1.1    23     14.5 
14/10/2011  0      2.5    22     10 
15/10/2011  0      5.4    25.5   10 
16/10/2011  0      4.5    27     10 
17/10/2011  0      4      27     8 
18/10/2011  0      6.1    29     9.5 
19/10/2011  0      4.2    29     9 
20/10/2011  0      3.9    27     9.5 
21/10/2011  0      4.2    28     10 
22/10/2011  0      4.9    29.5   10.5 
23/10/2011  0      6.4    28     10 
24/10/2011  0      6.2    28     10.5 
25/10/2011  0      4.8    27.5   5.5 
26/10/2011  0      3.9    28     6 
27/10/2011  0      5.3    29.5   6.5 
28/10/2011  0      2.4    30     10 
29/10/2011  0      5.9    30     10.5 
30/10/2011  0      4.4    28.5   10 
31/10/2011  0      6.2    30.5   11 
01/11/2011  0      4.5    29     8 
02/11/2011  0      2.5    29     8.5 
03/11/2011  0      5.1    30     12.5 
04/11/2011  0      3.1    29     12 
05/11/2011  0      4.7    29.5   10 
06/11/2011  0      4.4    29.5   11 
07/11/2011  0      3.9    29     10 
08/11/2011  0      5.1    29     10 
09/11/2011  0      3.7    28.5   8 
10/11/2011  0      3.4    28     5 
11/11/2011  0      3.1    25.5   6.5 
12/11/2011  0      4.9    26.5   9 
13/11/2011  0      2.1    26     7.5 
14/11/2011  0      4.8    26.5   7 
15/11/2011  0      2.2    26     8 
16/11/2011  0      4.8    25.5   8 
17/11/2011  0      4.2    27     12 
18/11/2011  0      3.3    28     12 
19/11/2011  0      3.6    28     10.5 
20/11/2011  0      3.1    29     10.5 
21/11/2011  0      3      29.5   11 
22/11/2011  0      3.1    29     10 
23/11/2011  0      3.2    31     11 
24/11/2011  0      3.1    28.5   10 
25/11/2011  0      3.1    30     7 
26/11/2011  0      3      30     7 
27/11/2011  0      0.5    23     7 
28/11/2011  0      3.8    17    -3 
29/11/2011  0      4.7    21    -4 
30/11/2011  0      2.8    24.5   0 
01/12/2011  0      4      26.5   1 
02/12/2011  0      2.4    27     5 
03/12/2011  0     Nulo    28     5.5 
04/12/2011  0     Nulo    27     6 
05/12/2011  0      3.6    27     6 
06/12/2011  0      4.8    26.5   4 
07/12/2011  0      0.1    27     2 
08/12/2011  0      3.9    26.5   5 
09/12/2011  0      3.3    26.5   6 
10/12/2011  0      3      26.5   6 
11/12/2011  0      3      27     7 
12/12/2011  0      3      27     7.5 
13/12/2011  0      6.3    26.5   7.5 
14/12/2011  0     Nulo    27.5   5.5 
19/12/2011  0      3.2    27.5   4.5 
20/12/2011  0      2.8    25     5 
21/12/2011  0      3      24.5   4 
22/12/2011  0      4.9    24.5   5 
23/12/2011  0      2.2    24.5   5.5 
24/12/2011  0      3.5    25.5   6 
25/12/2011  0      3.6    27     7 
26/12/2011  0      5.4    27     6.5 
27/12/2011  0      3.1    25.5   5.5 
28/12/2011  0      4.7    25.5   7 
29/12/2011  0      3.5    28.5   6 
30/12/2011  0      3.3    28     6 
31/12/2011  0     Nulo    28.5   8.5 
01/01/2012  0      4.2    28     8 
02/01/2012  0      4.4    28.5   8.5 
03/01/2012  0      1.4    23.5   5.5 
04/01/2012  0      3.8    21     3 
05/01/2012  0      3.4    28     3 
06/01/2012  0      2.9    25     4 
07/01/2012  0      3.3    28     2.5 
08/01/2012  0      3.2    25.5   4.5 
09/01/2012  0      3.1    25.5   5 
10/01/2012  0      2.9    23.5   4 
11/01/2012  0      2.6    21.5   3 
12/01/2012  0      4.1    26.5   2.5 
13/01/2012  0      3.7    27     3 
14/01/2012  0      2.4    26     7 
15/01/2012  0      4      22     8.5 
16/01/2012  0      3.8    28     8 
17/01/2012  0      3.9    28     6.5 
18/01/2012  0      3.8    28     6.5 
19/01/2012  0      4.6    28.5   9 
20/01/2012  0      4.3    29.5   7.5 
21/01/2012  0      4.2    28.5   5.5 
22/01/2012  0      4.4    29     7.5 
23/01/2012  0      9.5    29     7.5 
24/01/2012  0      4      29     7 
25/01/2012  0      4.8    26     1 
26/01/2012  0      4      24.5   0 
27/01/2012  0      3.7    33.5  -0.5 
28/01/2012  0      2.8    26     0 
29/01/2012  0      1.4    25.5   3.5 
30/01/2012  0      2.2    23.5   6.5 
31/01/2012  0      3.7    19.5   7 
01/02/2012  0      4.4    25.5   9.5 
02/02/2012  0      2.3    27.5   9 
03/02/2012  0      4.5    27     5.5 
04/02/2012  0      2.5    27     7.5 
05/02/2012  0      2.3    25.5   9 
06/02/2012  0      4.3    27.5   5.5 
07/02/2012  0      2.7    26.5   6 
08/02/2012  0      2.4    22.5   5 
09/02/2012  0      3.9    24.5   5 
10/02/2012  10.6   3.7    20     8.5 
11/02/2012  27.4   3.5    11.3   7 
12/02/2012  8      0.2    19.5   6 
13/02/2012  0      2.5    22.5   7 
14/02/2012  0      9      23     10 
15/02/2012  28.4   4      23     10 
16/02/2012  0      2.4    22     9 
17/02/2012  0      0.8    27     8.5 
18/02/2012  0      5      21     8.5 
19/02/2012  0      2.2    24     6.5 
20/02/2012  0      4.9    23.5   6 
21/02/2012  0      4.2    25     8 
22/02/2012  0      4.7    27     9.5 
23/02/2012  0      4.1    27.5   9 
24/02/2012  0      5.6    25.5   8.5 
25/02/2012  0      5.9    23     2.5 
26/02/2012  0      6.3    21     6 
27/02/2012  0      5.9    27.5   8 
28/02/2012  0      3.9    27.5   8 
29/02/2012  0      5.3    30.5   8 
01/03/2012  0      4.7    31     10.5 
02/03/2012  0      8.1    32     9 
03/03/2012  0      8.6    31     8.5 
04/03/2012  0      4.5    31.5   6 
05/03/2012  0      6      28.5   7 
06/03/2012  0      6.3    30     5 
07/03/2012  0      6.1    31     8.5 
08/03/2012  0      6.8    30     8.5 
09/03/2012  0      6.8    30.5   8.5 
10/03/2012  0      7.4    31.5   8 
11/03/2012  0      5.3    29.5   7.5 
12/03/2012  0      3.6    29.5   7.5 
13/03/2012  0      1.9    30.5   8.5 
14/03/2012  0      3.2    31     9 
15/03/2012  0      4.4    30     10 
16/03/2012  0      6.8    32     11.5 
17/03/2012  0      5.5    32     9.5 
18/03/2012  0      4.4    30     9.5 
19/03/2012  0      6.4    26     4.5 
20/03/2012  0      8.1    27.5   4.5 
21/03/2012  0      6.3    26.5   3.5 
22/03/2012  0      7      29     7.5 
23/03/2012  0      7      29.5   6.5 
24/03/2012  0      7.1    31.5   7.5 
25/03/2012  0      11     32     7 
26/03/2012  0      3.5    21.5   9.5 
27/03/2012  0      7.2    31     9 
28/03/2012  0      6.4    30.5   8 
29/03/2012  0      8.3    31     8 
30/03/2012  0      7.2    30     7.5 
31/03/2012  0      6.6    30     8 
01/04/2012  0      7.1    27.5   5 
02/04/2012  0      8.2    29     4 
03/04/2012  0      7.4    30     4 
04/04/2012  0      8.7    30     5.5 
05/04/2012  0      3.9    31     6.5 
06/04/2012  0     Nulo    26.5   8.5 
07/04/2012  0     Nulo    30.5   8 
08/04/2012  0      7.9    31     8 
09/04/2012  0      6.8    37     9 
10/04/2012  0      9.2    34     10 
11/04/2012  0      8.3    33     9 
12/04/2012  0      8.8    32     7.5 
13/04/2012  0      6.4    32.5   9.5 
14/04/2012  0      9.6    33.5   6 
15/04/2012  0      8.7    31.5   6 
16/04/2012  0      8      30.5   7 
17/04/2012  0     Nulo    32     7 
18/04/2012  0     Nulo    33     9.5 
19/04/2012  0      9.4    33     9 
20/04/2012  0      8.1    32     5 
21/04/2012  0      11.1   31     6 
22/04/2012  0      7.8    32     10 
23/04/2012  0      9.9    33.5   7 
24/04/2012  0      7.8    34     10.5 
25/04/2012  0      9      34     12 
26/04/2012  0      7.6    33.5   11.5 
27/04/2012  0     Nulo    35     13.5 
28/04/2012  0     Nulo    35     13.5 
29/04/2012  0     Nulo    35.5   10.5 
30/04/2012  0     Nulo    35.5   10.5 
01/05/2012  0      9.4    33.5   11 
02/05/2012  0      8.8    34.5   10.5 
03/05/2012  0      8.5    35     12.5 
04/05/2012  12.7   9.9    35.5   15 
05/05/2012  0      9      35     12.5 
06/05/2012  0      8.2    32.5   13.5 
07/05/2012  0      9.2    33.5   10 
08/05/2012  0      9.1    33.5   9 
09/05/2012  0      9      33.5   10.5 
10/05/2012  0      4.1    33     10.5 
11/05/2012  0      7.8    30     7.5 
12/05/2012  0      9.8    31     9.5 
13/05/2012  0      8.4    33.5   14 
14/05/2012  0      9.4    32     13 
15/05/2012  0      9      35     11 
16/05/2012  0      9.6    32.5   11 
17/05/2012  0      6.8    32.5   11 
18/05/2012  0      10.7   34     11 
19/05/2012  0      9.3    34.5   12 
20/05/2012  0      10.5   36.5   14 
21/05/2012  0      12.5   36.5   8 
22/05/2012  0      9.9    32.5   11.5 
23/05/2012  0      7.3    33.5   13.5 
24/05/2012  1.2    6.2    35     13 
25/05/2012  5.5    7.9    34.5   13 
26/05/2012  0      5.5    30.5   15 
27/05/2012  0      10.6   34.5   14 
28/05/2012  3.3    5.6    34.5   14.5 
29/05/2012  0      9.1    37     16 
30/05/2012  0      7.3    36     14 
31/05/2012  0      9.9    36     14 
01/06/2012  0      8.5    36.5   12.5 
02/06/2012  0      9.1    33.5   12 
03/06/2012  0      9.4    32.5   9 
04/06/2012  0      9.1    32.5   10 
05/06/2012  0      7.1    34     12.5 
06/06/2012  0      2.2    34.5   14.5 
07/06/2012  0      6.4    34.5   11.5 
08/06/2012  0      11     36.5   13.5 
09/06/2012  0      4.1    35     15.5 
10/06/2012  0      4.1    35.5   13 
11/06/2012  0      4.1    35     14.5 
12/06/2012  0      5.8    35.5   13.5 
13/06/2012  0      7.1    36.5   15 
14/06/2012  1.3    3.6    34     16 
15/06/2012  0      6      32     14 
16/06/2012  0      11.6   33.5   14.5 
17/06/2012  0      8      33     15 
18/06/2012  17.5   9.3    33     16 
19/06/2012  0      5.9    36     13 
20/06/2012  4.5    6.8    30     13 
21/06/2012  7.8    4.9    32     15 
22/06/2012  17     5.8    30     14 
23/06/2012  1.7    2.4    29     15 
24/06/2012  29.8   6.1    26     17 
25/06/2012  8.9    7.8    26     15 
26/06/2012  0      6.6    28.5   14 
27/06/2012  0      7.5    30     13 
28/06/2012  21.5  Nulo    32     14 
29/06/2012  0     Nulo    31.5   15 
30/06/2012  0     Nulo    30.5   15 
01/07/2012  10.2   3.1    30     14 
02/07/2012  9.6    3.2    30     14 
03/07/2012  6.5    3      25     15.5 
04/07/2012  40     4.3    25.5   15 
05/07/2012  1.5    5.5    27     13.5 
06/07/2012  0      6.3    27.5   14.5 
07/07/2012  1.9    6      27.5   14.5 
08/07/2012  0      6.4    28.5   14 
09/07/2012  0      7.1    30     15 
10/07/2012  21.9   8.8    31     16 
11/07/2012  4.4    4.8    32     13 
12/07/2012  11.5   3.6    31.5   13 
13/07/2012  15.3   6.9    29     16 
14/07/2012  10.2   5.1    27.5   15 
15/07/2012  0      0      27.5   13.5 
16/07/2012  0      2.5    25.5   14 
17/07/2012  51.5   5.7    26     15 
18/07/2012  4.5    4.7    27.5   13 
19/07/2012  22.7   3.8    28     13.5 
20/07/2012  0      5.1    24.5   15 
21/07/2012  0      6.5    26.5   14 
22/07/2012  0      6.9    28.5   14.5 
23/07/2012  2.4    5.5    30     15 
24/07/2012  5.2    6.1    29     15 
25/07/2012  0      4.2    27     14.5 
26/07/2012  3.1    4.2    27.5   15 
27/07/2012  0      0.8    27     16 
28/07/2012  18.8   9.6    23.5   14 
29/07/2012  85.5   7      28     13.5 
30/07/2012  0      4.3    27     13 
31/07/2012  0      6.3    27.5   13 
01/08/2012  20     7.9    39     14 
02/08/2012  5.3    6      31.5   13.5 
03/08/2012  0      4.1    27.5   13.5 
04/08/2012  21.9   4.8    27     14 
05/08/2012  8.5    5.5    26.5   14.5 
06/08/2012  0      5.7    27.5   13.5 
07/08/2012  2.5    4.9    27     14.5 
08/08/2012  1      6.1    27.5   14 
09/08/2012  0      6      28     13 
10/08/2012  0      7.5    25.5   14 
11/08/2012  0.2    1.4    27.5   15 
12/08/2012  3      6.7    27     14 
13/08/2012  0      4.7    29     13.5 
14/08/2012  1      2.7    22.5   15 
15/08/2012  0      5.5    24.5   15 
16/08/2012  0      4.7    29     14 
17/08/2012  4      4.6    28.5   13 
18/08/2012  0      5.5    30.5   14 
19/08/2012  0.8    2.9    30     15 
20/08/2012  17.7   3.3    26     16 
21/08/2012  13     3.3    26     14 
22/08/2012  0.1    7.7    25     14.5 
23/08/2012  0      6      28.5   15 
24/08/2012  0      4.4    27     16 
25/08/2012  0      2.8    27     16 
26/08/2012  0      5.4    29     15 
27/08/2012  0      9.3    29     16 
28/08/2012  4      4.9    29     15.5 
29/08/2012  0      4.3    30     15 
30/08/2012  24.5   7      28.5   15.5 
31/08/2012  0      5.7    30     14.5 
04/09/2012  4     Nulo   Nulo   Nulo
05/09/2012  0     Nulo    28.5   13.5 
06/09/2012  16.4  Nulo    28.5   13.5 
07/09/2012  0     Nulo    29     14 
09/09/2012  0      5.2    29.9   14.5 
10/09/2012  0      4.4    27     12 
11/09/2012  8.3   Nulo    26.5   12 
12/09/2012  3.4   Nulo   Nulo   Nulo
13/09/2012  0      0.3    25.5   15.5 
14/09/2012  49.9   7.6    26     15 
15/09/2012  19    Nulo    27     13 
16/09/2012  17.2  Nulo    26.5   13 
17/09/2012  0      5.4    27     12.5 
18/09/2012  0      5.5    27.5   9 
19/09/2012  0      5      27.5   9 
20/09/2012  0      5.3    27     10 
21/09/2012  0      5.8    26     11 
22/09/2012  0      4.7    26     8.5 
23/09/2012  0      3.9    27     8.5 
24/09/2012  0      0.1    24     12 
25/09/2012  0     Nulo    26.5   11.5 
26/09/2012  13.4  Nulo    28     11 
27/09/2012  0     Nulo    27     13.5 
28/09/2012  0      1.9    25.5   14.5 
29/09/2012  0      3.3    25.5   14.5 
30/09/2012  0     Nulo    27.5   12.5 
01/10/2012  0      5.3    27.5   13 
02/10/2012  0      5.3    27     6.5 
03/10/2012  0      6.2    25.5   6 
04/10/2012  0      6.6    29     7 
05/10/2012  0      5.2    29     8.5 
06/10/2012  0      4.9    29     8 
07/10/2012  0      4.9    29.5   8.5 
08/10/2012  0      4.8    30     9.5 
09/10/2012  0      4      30     10 
10/10/2012  0      5.1    30     10 
11/10/2012  2      3.3    31.5   10 
12/10/2012  0      3.7    30.5   13 
13/10/2012  0      2.6    30.5   13 
14/10/2012  0      4.6    28.5   14 
15/10/2012  0      4.6    31.5   13 
16/10/2012  0      7.2    30     12 
17/10/2012  0      3.8    28.5   11 
18/10/2012  0      8.9    27     11 
19/10/2012  0      12.1   30.5   11 
20/10/2012  0      4.6    32.5   11 
21/10/2012  0      5.1    32     12.5 
22/10/2012  0      4.3    33     12.5 
23/10/2012  0      5.6    32     11 
24/10/2012  0      4.5    32     11 
25/10/2012  0      4.3    31.5   11 
26/10/2012  0      4.3    33     11 
27/10/2012  0      4.2    32.5   11.5 
28/10/2012  0      4.1    31.5   12 
29/10/2012  0      4.1    29     9 
30/10/2012  0      4.2    30     9.5 
31/10/2012  0      4.4    28.5   7 
01/11/2012  0      4.3    28.5   7.5 
02/11/2012  0      3.7    29.5   5 
03/11/2012  0      1.8    28     8 
04/11/2012  0      2.8    23.5   11.5 
05/11/2012  0      4.4    22.5   11.5 
06/11/2012  0      4.6    25.5   7 
07/11/2012  0      4      27.5   5 
08/11/2012  0      3.9    28.5   6.5 
09/11/2012  0      3.7    28     9 
10/11/2012  0      3.2    29     9 
11/11/2012  0      3.7    29     8 
12/11/2012  0      2.4    29     7.5 
13/11/2012  0      4.6    29     9 
14/11/2012  0      3      26     9 
15/11/2012  0      3.2    28.5   10 
16/11/2012  0      3.6    28.5   9.5 
17/11/2012  0      4.2    29     10 
18/11/2012  0      3.2    29.5   10 
19/11/2012  0      3.7    29.5   8.5 
20/11/2012  0      4.8    30     9.5 
21/11/2012  0      3.2    30     9 
22/11/2012  0      3      26.5   6 
23/11/2012  1.2    3.8    28     8.5 
24/11/2012  0      2.8    27     8.5 
25/11/2012  0      2.3    24.5   5.5 
26/11/2012  0      1.8    26     8.5 
27/11/2012  0      4.8    26     8 
28/11/2012  0      1.9    26     7.5 
29/11/2012  0      3.4    27     9 
30/11/2012  0      2.6    28     7.5 
01/12/2012  0     Nulo   Nulo   Nulo
02/12/2012  0     Nulo   Nulo   Nulo
03/12/2012  0     Nulo   Nulo   Nulo
04/12/2012  0      3.2    29     6.5 
05/12/2012  0      3.3    29     6 
06/12/2012  0      1.4    27     6 
07/12/2012  0      5.3    28     7 
08/12/2012  0      2.9    25.5   5 
09/12/2012  0      2.2    25.5   5 
10/12/2012  0      3.4    25     5.5 
11/12/2012  0      1.8    25.5   4 
12/12/2012  0      3.9    21.5   4.5 
13/12/2012  0      1.5    24     5 
14/12/2012  0      2.6    22.5   6 
15/12/2012  0      2.5    24     7 
16/12/2012  0      2.5    27     6.5 
17/12/2012  0      3      27     0 
18/12/2012  0      2.9    27     0.5 
19/12/2012  0      2.6    28     1.5 
20/12/2012  0      3.6    26     3.5 
21/12/2012  0      2.4    26     4 
22/12/2012  0      1.9    25     5 
23/12/2012  0      3.9    26.5   5.5 
24/12/2012  0      3.6    28     5.5 
25/12/2012  0      2.6    28.5   4.5 
26/12/2012  0      2.9    25.5   3.5 
27/12/2012  0      1.3    23     3 
28/12/2012  0      4.4    25     3 
29/12/2012  0      3.1    26     6 
30/12/2012  0      2.9    27     5.5 
31/12/2012  0      3      26.5   9 
01/01/2013  5.3    5.2    19     10 
02/01/2013  28.4   4.7    14     8 
03/01/2013  2.1    4.1    14     5 
04/01/2013  0      1.5    22     5 
05/01/2013  0      3.9    23.5   6.5 
06/01/2013  0      2.3    25     6 
07/01/2013  0.8    3.4    26     4 
08/01/2013  18     3.1    25.5   5.5 
09/01/2013  0      10.1   18     4 
10/01/2013  0      4.9    23     6 
11/01/2013  0      2.8    24     5.5 
12/01/2013  0      2.7    25     6 
13/01/2013  0      2.4    24.5   6 
14/01/2013  0      2.8    24.5   6.5 
15/01/2013  0      3.5    25     6 
16/01/2013  0      4.1    25.5   7 
17/01/2013  0      3.4    21     2 
18/01/2013  0      2.9    19     2 
19/01/2013  0      3      21     4 
20/01/2013  0      2.8    25     5 
21/01/2013  0      4.3    22.5   8.5 
22/01/2013  0      3.2    25     7.5 
23/01/2013  4      2.1    25     6.5 
24/01/2013  0      5.2    24     6 
25/01/2013  0      5.2    25.5   5 
26/01/2013  0      3.9    26.5   6 
27/01/2013  0      3.9    28     6 
28/01/2013  0      3.7    27.5   7 
29/01/2013  0      2.6    26.5   4 
30/01/2013  0      4.1    23     2.5 
31/01/2013  0      3.2    26     5 
01/02/2013  0      4.9    26.5   5 
02/02/2013  0      4.5    30     6 
03/02/2013  0      4.5    30     7 
04/02/2013  0      5.3    30.5   6 
05/02/2013  0      6.2    29     7 
06/02/2013  0      5.6    29     7 
07/02/2013  0      4.7    29     6 
08/02/2013  0      5.2    25.5   7 
09/02/2013  0      5.5    30     6 
10/02/2013  0      5.4    29     5.5 
11/02/2013  0      4.5    27.5   6 
12/02/2013  0      5.4    27.5   5 
13/02/2013  0      5      28.5   6 
14/02/2013  0      4.7    26     1.5 
15/02/2013  0      4.4    26.5   1.5 
16/02/2013  0      6      26.5   4 
17/02/2013  0      5.4    25     6 
18/02/2013  0      6.5    28     4 
19/02/2013  0      5.9    29.5   6 
20/02/2013  0      4.9    31     7 
21/02/2013  0      6.5    29     7 
22/02/2013  0      4.4    27.5   6 
23/02/2013  0      4.9    27.5   5 
24/02/2013  0      5.9    27     5 
25/02/2013  0      4.8    26     3 
26/02/2013  0      5.9    26     4 
27/02/2013  0      3.2    27.5   4 
28/02/2013  0      4.5    29     6 
01/03/2013  0      8.3    30.5   4 
02/03/2013  0      8.6    21.5   3 
03/03/2013  0      5.9    22    -1 
04/03/2013  0      6.4    25     2 
05/03/2013  0      6      28     5 
06/03/2013  0      5.3    30     5.5 
07/03/2013  0      5.9    29     6 
08/03/2013  0      5.4    29     10 
09/03/2013  0      6.4    26.5   8.5 
10/03/2013  0      8.4    28     3 
11/03/2013  0      6.6    29     4 
12/03/2013  0      6.2    28     4 
13/03/2013  0      5.2    20     6 
14/03/2013  0      3.7    26     10 
15/03/2013  0      4.6    25     11 
16/03/2013  0      3.7    24     7 
17/03/2013  0      6.2    25     3 
18/03/2013  0      6      28     3 
19/03/2013  0      7.5    28     6.5 
20/03/2013  0      5.6    31.5   8 
21/03/2013  0      7.1    33     7.5 
22/03/2013  0      8.6    29.5   4.5 
23/03/2013  0      8.6    29.5   4 
24/03/2013  0      7.4    29     6 
25/03/2013  0      6.7    31     5 
26/03/2013  0      7.8    30.5   7 
27/03/2013  0      7.4    30.5   7.5 
28/03/2013  0      7.3    31     9 
29/03/2013  0      6.5    31     7.5 
30/03/2013  0      2.5    32.5   9 
31/03/2013  0      4.5    33.5   9.5 
01/04/2013  0      7.2    32     9 
02/04/2013  0      8.3    33.5   7 
03/04/2013  0      4.7    31     5.5 
04/04/2013  0      10.2   31     6 
05/04/2013  0      8.6    32     8.5 
06/04/2013  0      8      32     9 
07/04/2013  0      8      32.5   9 
08/04/2013  0      8      22     7 
09/04/2013  0      7.9    31.5   7 
10/04/2013  0      7      30.5   8 
11/04/2013  0      7.2    28     6 
12/04/2013  0      8.3    30.5   6 
13/04/2013  0      3.4    30.5   4.5 
14/04/2013  0      13.2   29     4 
15/04/2013  0      7.7    30.5   5 
16/04/2013  0      3.5    23     10 
17/04/2013  0      8.2    34     10 
18/04/2013  0      10.2   34     9 
19/04/2013  0      9.2    34     8.5 
20/04/2013  0      8.6    34.5   8 
21/04/2013  0      8.5    32.5   6 
22/04/2013  0      8.8    33     8 
23/04/2013  0      8      33.5   9.5 
24/04/2013  0      8      32     8 
25/04/2013  0      8      32.5   9 
26/04/2013  0      7.8    34     12 
27/04/2013  0      5.2    34.5   14 
28/04/2013  0      5.1    33.5   9.5 
29/04/2013  0      8      33     6 
30/04/2013  0      8.2    31.5   4.5 
01/05/2013  0      9      31     5 
02/05/2013  0      10.6   23     8 
03/05/2013  0      6      34.5   12 
04/05/2013  0      10.5   34     9 
05/05/2013  0      7.2    31.5   7.5 
06/05/2013  0      9.9    32.5   8 
07/05/2013  0      9.3    33.5   10 
08/05/2013  0      9.3    33.5   9.5 
09/05/2013  0      9      33.5   9.5 
10/05/2013  0      9      34     10.5 
11/05/2013  0      8.6    33     11 
12/05/2013  0      8.4    33.5   11.5 
13/05/2013  0      5.6    33     14 
14/05/2013  0      5.9    31     14.5 
15/05/2013  0      7.3    30.5   14 
16/05/2013  0      7.3    32.5   12.5 
17/05/2013  0      8.3    33     12 
18/05/2013  0      8.4    34     12.5 
19/05/2013  0      13.9   34.5   13 
20/05/2013  0      3.4    36.5   13 
21/05/2013  0      9.7    35.5   10 
22/05/2013  0      8.6    34.5   11.5 
23/05/2013  0      9.2    35.5   11.5 
24/05/2013  0      10.1   36     12.5 
25/05/2013  20.9   7.7    35.5   13 
26/05/2013  0      8.6    24.5   13 
27/05/2013  0      8.5    32     14 
28/05/2013  0      8.1    34     6 
29/05/2013  0      8.1    33.5   9 
30/05/2013  0      8.8    34.5   12.5 
31/05/2013  0      7.9    35     13 
01/06/2013  0      9      36     15 
02/06/2013  0      8.6    37     15 
03/06/2013  0      9.2    35.5   15 
04/06/2013  0      8      34     16 
05/06/2013  0      9.9    35     16 
06/06/2013  0      8.3    36     15.5 
07/06/2013  8.6    7.9    37     15.5 
08/06/2013  0      7.6    35     13 
09/06/2013  0      7.1    33     13 
10/06/2013  20     6.4    38     14 
11/06/2013  4.4    4      32.5   15 
12/06/2013  0      6.2    28.5   14 
13/06/2013  0      7.9    30.5   14 
14/06/2013  0      7.4    32     13 
15/06/2013  40     10.6   34     15 
16/06/2013  3.3    3.9    33     15.5 
17/06/2013  0      6.4    30     16.5 
18/06/2013  0      6.5    31     15 
19/06/2013  0      7      33     15 
20/06/2013  0      7      32.5   13.5 
21/06/2013  2.2    7.5    32     11.5 
22/06/2013  18.4   6.5    29     13.5 
23/06/2013  3      5.7    28.5   15 
24/06/2013  14     5.2    28.5   15 
25/06/2013  31.7   7.1    28     16 
26/06/2013  0      0.7    27     15 
27/06/2013  16.9   8.8    26     15.5 
28/06/2013  0      4.6    30     14 
29/06/2013  0      11.9   29.5   15 
30/06/2013  0      6.3    32     14 
01/07/2013  0      8.1    32     15 
02/07/2013  0      3.7    32.5   16.5 
03/07/2013  5.1    4.5    30.5   14 
04/07/2013  11.4   0.6    30     15.5 
05/07/2013  0      6.6    28     15.5 
06/07/2013  8      3.5    26.5   16.5 
07/07/2013  50.4   6.2    26     15.5 
08/07/2013  17.9   6.4    23.5   15.5 
09/07/2013  0      2.9    26.5   14.5 
10/07/2013  0.8    4.6    23.5   15 
11/07/2013  2.4    4.9    21.5   14 
12/07/2013  24.9   8.3    26.5   14 
13/07/2013  2.2    5.2    27.5   13.5 
14/07/2013  0      4.3    28     14 
15/07/2013  4      2.2    28.5   13 
16/07/2013  21.5   3.3    28.5   15 
17/07/2013  6.9    3.6    23     14 
18/07/2013  0.8    3.1    26     15 
19/07/2013  0      4      26.5   15.5 
20/07/2013  8.8    3.4    28     15.5 
21/07/2013  36.5   2.3    25.5   16 
22/07/2013  29.9   3.6    24     15 
23/07/2013  2      2.1    24.5   15 
24/07/2013  40.4   6.1    25.5   12.5 
25/07/2013  0      3.2    29.5   14.5 
26/07/2013  10     7      27     14 
27/07/2013  10.4   7.3    30     14.5 
28/07/2013  0      4      30     14.5 
29/07/2013  6      6      28     14 
30/07/2013  0      8.5    29     14 
31/07/2013  0      8.5    29     13 
01/08/2013  0      8.4    29.5   13 
02/08/2013  15.3   8.6    29.5   13.5 
03/08/2013  4.4    6.2    30     13.5 
04/08/2013  5      3.1    29     14 
05/08/2013  0      5.6    26     13.5 
06/08/2013  0      5.2    28     14 
07/08/2013  7.5    7.1    29.5   15 
08/08/2013  0      5.3    30.5   15 
09/08/2013  0      5.6    30     13.5 
10/08/2013  0      6      29.5   13.5 
11/08/2013  0      1.4    30     14.5 
12/08/2013  5.5    4.5    23.5   15.5 
13/08/2013  0      6.1    27     14 
14/08/2013  0      6.1    28     11.5 
15/08/2013  0      8.2    29     11.5 
16/08/2013  0      7.3    30     12.5 
17/08/2013  0      6.8    30.5   13 
18/08/2013  0      6.6    30.5   13 
19/08/2013  0      5.9    27.5   12 
20/08/2013  0      8.3    30.5   12.5 
21/08/2013  11.9   1.5    30     13 
22/08/2013  25.2   5.1    26.5   15 
23/08/2013  36.5   8.7    25     14 
24/08/2013  14.5   4.9    25     14 
25/08/2013  0      5.1    27.5   14.5 
26/08/2013  0      2.2    27.5   13 
27/08/2013  7.2    1.7    24.5   14 
28/08/2013  0      2.5    25     15 
29/08/2013  0      5.4    24.5   12.5 
30/08/2013  0      4.6    26.5   12 
31/08/2013  14.5   4.9    27.5   13 
01/09/2013  24.4   8.9    27     14.5 
02/09/2013  0      5.7    30     12 
03/09/2013  25.6   5.5    30     12 
04/09/2013  2.2    4.4    27.5   13 
05/09/2013  1.4    0.9    24.5   13.5 
06/09/2013  27.5   5.4    25     14 
07/09/2013  2.1    0.7    28.5   14.5 
08/09/2013  0      0.5    23     15.5 
09/09/2013  15     7      22.5   14.5 
10/09/2013  42.2   6.5    26.5   14 
11/09/2013  0      6.1    27.5   13.5 
12/09/2013  0      3.3    28     13.5 
13/09/2013  3.5    5.4    26.5   13.5 
14/09/2013  0      3.4    26.5   12 
15/09/2013  16     0.9    27     12 
16/09/2013  10.2   1      20.5   15 
17/09/2013  6.4    2.9    22     15 
18/09/2013  0      2.9    25     15 
19/09/2013  0      2.1    26.5   15.5 
20/09/2013  0      2.6    27     15.5 
21/09/2013  7      4.2    28     16 
22/09/2013  2      3.6    27     16 
23/09/2013  1.5    4.9    28     14.5 
24/09/2013  0      3.4    27     16 
25/09/2013  0      4.4    28     12 
26/09/2013  0      3.4    28     13 
27/09/2013  2.2    2.6    30     14.5 
28/09/2013  0      2.4    23.5   14 
29/09/2013  0      3.7    25     12 
30/09/2013  0      5      30     12.5 
01/10/2013  0      4.2    29     13 
02/10/2013  3      3.2    29     12.5 
03/10/2013  3.4    3.6    29     12 
04/10/2013  0      3.4    30.5   12 
05/10/2013  0      4.1    28.5   12.5 
06/10/2013  3.5    10.4   30     12 
07/10/2013  0      4.5    30     13 
08/10/2013  0      3.4    27.5   14 
09/10/2013  0      4.7    28     11.5 
10/10/2013  0      4      29.5   11.5 
11/10/2013  27.4   2.8    30     12 
12/10/2013  7.8    3.4    26.5   12 
13/10/2013  0      2.1    28     14 
14/10/2013  0      4.9    27     14 
15/10/2013  0      2.5    29.5   14 
16/10/2013  8.7    4.1    30     14 
17/10/2013  0      3.1    29     13 
18/10/2013  0      3.1    28     13 
19/10/2013  0      3.7    28     11 
20/10/2013  0      3      28.5   12.5 
21/10/2013  0      2.6    28     10.5 
22/10/2013  0      3      24.5   8.5 
23/10/2013  0      4.1    28.5   10.5 
24/10/2013  0      4.5    27.5   8 
25/10/2013  0      3.5    27.5   6 
26/10/2013  0      2.5    27.5   5 
27/10/2013  0      3.5    26.5   6 
28/10/2013  0      2.9    29     9 
29/10/2013  0      3      28     11 
30/10/2013  2.9    2.4    29     12 
31/10/2013  0      2.9    25     13 
01/11/2013  3.9    3.3    28.5   13 
02/11/2013  9.2    3.7    30     14 
03/11/2013  0      3.1    28.5   13.5 
04/11/2013  0      1.5    26.5   12 
05/11/2013  0      2.4    26     10 
06/11/2013  9.6    3.8    26.5   11 
07/11/2013  3      2.3    29     12.5 
08/11/2013  0      1.3    23.5   12 
09/11/2013  0      2      21.5   11 
10/11/2013  0      2.7    27     9 
11/11/2013  0      3.2    28.5   10 
12/11/2013  0      1.9    26     8.5 
13/11/2013  0      0.7    25.5   9.5 
14/11/2013  0      2      19.5   10 
15/11/2013  9.8    0.8    23.5   10 
16/11/2013  11.8   1.9    25     13 
17/11/2013  0      1.1    26     13 
18/11/2013  0      2.8    24     9 
19/11/2013  0      0.6    27.5   9 
20/11/2013  0      1.7    27.5   8.5 
21/11/2013  0      3      26     8.5 
22/11/2013  0      2.1    26     8.5 
23/11/2013  0      2      26     10.5 
24/11/2013  0      0.3    25     11 
25/11/2013  0      2.1    26     7.5 
26/11/2013  0      3.2    24.5   7.5 
27/11/2013  0      2.1    21.5   0 
28/11/2013  0      1.3    21.5   0.1 
29/11/2013  0      2.6    25     5 
30/11/2013  0      1.9    25     7.5 
04/12/2013  0      2.2    27     5 
05/12/2013  0      2      26     6 
06/12/2013  0      1.9    27.5   5 
07/12/2013  0      2.8    27     6 
08/12/2013  0      2.8    26.5   5.5 
09/12/2013  0      2.7    26     6.5 
10/12/2013  0      2      26     6.5 
11/12/2013  0      3.4    27     8.5 
12/12/2013  0      2.5    26.5   6.5 
13/12/2013  0      2.3    26     9 
14/12/2013  0      0.9    24.5   7 
15/12/2013  0      3.1    25.5   7 
16/12/2013  0      2.4    24.5   4.5 
17/12/2013  0      2.5    27.5   5 
18/12/2013  0      2.2    27     4 
19/12/2013  0      2.6    27     5 
20/12/2013  9.9    2.4    26.5   5.5 
21/12/2013  0      0.2    25     6 
22/12/2013  0      2.1    25     6 
23/12/2013  0      2.1    23     6.5 
24/12/2013  3.8    2.5    21.5   5 
25/12/2013  15.2   2      21     7 
26/12/2013  24.7   1.4    21.5   8 
27/12/2013  12.2   0.9    10.5   8 
28/12/2013  6.3    8.5    10     6 
29/12/2013  14.2   1.7    12.5   7.5 
30/12/2013  25.1  Nulo    15     10 
31/12/2013  0     Nulo    15     8 
01/01/2014  6.8    0.8    13.5   8.5 
02/01/2014  0      1.8    16.5   6 
03/01/2014  0      1.1    21     7.5 
04/01/2014  0      1.7    21     4.5 
05/01/2014  0      1.7    23     6 
06/01/2014  0      0.5    21     8 
07/01/2014  0      3.1    19     5 
08/01/2014  0      0.2    22     5 
09/01/2014  0      2.3    23     3 
10/01/2014  0      2.5    23.5   3 
11/01/2014  4.5    1.8    24     5 
12/01/2014  0      0.6    21     7 
13/01/2014  0      2.3    18     4 
14/01/2014  0      2.6    22.5   1 
15/01/2014  0      2.8    23.5   1 
16/01/2014  0      2.5    21     1 
17/01/2014  0      2.6    22.5   4 
18/01/2014  0      1.5    23     3 
19/01/2014  0      1      24     4 
20/01/2014  0      2.8    24     5 
21/01/2014  0      4.3    25.5   5.5 
22/01/2014  0      2.9    25     3 
23/01/2014  0      2.6    26.5   4.5 
24/01/2014  0      1.9    26     5.5 
25/01/2014  0      3.8    26.5   7 
26/01/2014  0      3.4    27     9 
27/01/2014  0      3      27.5   5.5 
28/01/2014  0      3.1    26.5   4 
29/01/2014  0      2.4    25     5 
30/01/2014  0      2.8    24     2 
31/01/2014  0      2.6    25     2 
01/03/2014  0      6.3    29     5 
02/03/2014  0      6.6    30     6.5 
03/03/2014  0      4      30.5   7 
04/03/2014  0      7.5    30     6 
05/03/2014  0      5      27.5   5 
06/03/2014  0      5.1    22     3 
07/03/2014  0      5.7    29     6 
08/03/2014  0      9.9    27.5   6 
09/03/2014  4      0.7    27     7 
10/03/2014  0      4.6    26     4 
11/03/2014  0      5.7    22     3 
12/03/2014  0      5.6    26.5   4.5 
13/03/2014  0      6.2    29.5   6 
14/03/2014  0      6.1    30.5   6 
15/03/2014  0      0.4    29.5   6.5 
16/03/2014  0      10     29.5   4 
17/03/2014  0      7.4    26.5   2.5 
18/03/2014  0      5.9    25     3 
19/03/2014  0      4.8    27     5 
20/03/2014  0      6.1    28     9 
21/03/2014  0      7.2    32     8 
22/03/2014  0      9.7    21.5   10.5 
23/03/2014  0      5.9    32.5   9.5 
24/03/2014  0      5.8    33.5   11.5 
25/03/2014  0      8      32.5   9 
26/03/2014  0      6.8    32.5   7 
27/03/2014  0      5.9    29.5   5.5 
28/03/2014  0      4.3    28     7 
29/03/2014  0      6.2    27.5   7.5 
30/03/2014  0      6.2    32.5   9 
31/03/2014  0      6.6    31     6 
01/04/2014  0      5.4    31     7 
02/04/2014  0      8.4    30     6 
03/04/2014  0      8.1    31     7 
04/04/2014  0      6.6    31     6 
05/04/2014  0      6.4    32     6.5 
06/04/2014  0      8.5    31     4 
07/04/2014  0      7.9    30.5   6 
08/04/2014  0      8.7    30.5   6 
09/04/2014  0      7.5    28     6.5 
10/04/2014  0      6.3    30     11 
11/04/2014  0      7.5    33     9.5 
12/04/2014  0      7.9    33.5   8.5 
13/04/2014  0      7      34     8 
14/04/2014  0      8      33.5   8 
15/04/2014  0      7.7    34     9 
16/04/2014  0      6.3    33     7 
17/04/2014  0      5.3    30     8.5 
18/04/2014  0      5.1    28     11 
19/04/2014  0      5.8    30     10 
20/04/2014  0      6.1    31     10.5 
21/04/2014  0      7.1    33     11 
22/04/2014  0      8.1    33.5   9 
23/04/2014  0      9.7    34     11 
24/04/2014  0      4.4    33     8 
25/04/2014  0      7      33     10 
26/04/2014  0      8.4    32     11 
27/04/2014  0      0.8    32.5   8.5 
28/04/2014  0      6.6    30     7 
29/04/2014  0      7.2    33     9.5 
30/04/2014  0      7.2    33     9.5 
01/05/2014  0      6.9    33     8.5 
02/05/2014  0      6.9    33     8.5 
03/05/2014  0      6.9    30     8 
04/05/2014  0      7      32     8 
05/05/2014  0      8      32.5   11 
06/05/2014  0      9.9    34     11 
07/05/2014  0      1.2    34     13 
08/05/2014  0      6.6    26.5   14 
09/05/2014  0      7.9    30     11 
10/05/2014  0      7.7    31     9 
11/05/2014  0      6.6    33     10 
12/05/2014  0      8      33     12.5 
13/05/2014  0      6.4    34     14 
14/05/2014  0      10.8   32.5   12.5 
15/05/2014  8.5    8.4    30.5   10.5 
16/05/2014  0      7.2    30.5   11 
17/05/2014  0      7.2    31     9 
18/05/2014  0      5.8    32     11 
19/05/2014  0      8.7    33.5   11.5 
20/05/2014  0      3      34     12 
21/05/2014  0      5.9    33.5   13 
22/05/2014  11.5   5.4    32     13 
23/05/2014  0      5.1    32     13.5 
24/05/2014  0      5.7    30.5   14 
25/05/2014  0      7.3    32     13.5 
26/05/2014  0      5      31.5   15 
27/05/2014  5.2    5.2    31     16.5 
28/05/2014  0      2.2    31     15.5 
29/05/2014  7.5    6      30     15.5 
30/05/2014  6.8    6      27     16 
31/05/2014  0      6.7    28     13.5 
01/06/2014  0      10.4   31     13 
02/06/2014  0      9.5    31.5   15 
03/06/2014  0      8.6    33     14 
04/06/2014  0      7.2    30.5   13 
05/06/2014  17    Nulo    32.5   16 
06/06/2014  4.1   Nulo    32     13 
07/06/2014  21    Nulo    32.5   14 
08/06/2014  3      3.2    32     15 
09/06/2014  32.2   10.7   32     16.5 
10/06/2014  0      3.9    32     14 
11/06/2014  0      9.8    30.5   15.5 
12/06/2014  0      9.6    31.5   15.5 
13/06/2014  1      6.9    32.5   16 
14/06/2014  0     Nulo    32     13.5 
15/06/2014  0      5.6    31     14 
16/06/2014  0      4.2    31     15.5 
17/06/2014  0      6.7    29     16 
18/06/2014  5      7.3    32.5   16 
19/06/2014  13.3   6.1    32     13.5 
20/06/2014  3.8    3.4    29.5   14.5 
21/06/2014  7.5    4.1    26.5   15 
22/06/2014  8.5    4.3    26     14 
23/06/2014  0      2.4    37.5   15 
24/06/2014  34.1  Nulo    27     15 
25/06/2014  0     Nulo    39     14 
26/06/2014  0      4.8    28     15 
27/06/2014  6.4    4.4    29.5   14.5 
28/06/2014  2.4    3      29     14 
29/06/2014  5.9    4.8    29     14.5 
30/06/2014  0      8      29.5   15.5 
01/07/2014  40     3.2    24.5   14 
02/07/2014  0      0.8    26.5   12.5 
03/07/2014  0      3.2    28.5   15 
04/07/2014  0     Nulo    26.5   15 
06/07/2014 Nulo   Nulo    22.5  Nulo
07/07/2014  0      3      22.5   10.5 
08/07/2014  0      1      27     13 
09/07/2014  0      4.9    28.5   12 
10/07/2014  0      4.9    28.5   9 
11/07/2014  36.7   8.1    29.5   12 
12/07/2014  0.7    2.5    26.5   11 
13/07/2014  8.8    4.6    24     11.5 
14/07/2014  2.6    6.1    27.5   12 
15/07/2014  12.3   6.2    27.5   12.5 
16/07/2014  0      4.6    27.5   12.5 
17/07/2014  0      5.4    28     13 
18/07/2014  13.3   6.7    28.5   13.5 
19/07/2014  0      4.4    30     14 
20/07/2014  0      4.9    21.5   14 
21/07/2014  0      7      29     13.5 
22/07/2014  0      7      30.5   12.5 
23/07/2014  0      7.8    31     11.5 
24/07/2014  0      9.8    30.5   11.5 
25/07/2014  0      7.8    27.5   13.5 
26/07/2014  5.5    5.8    21     13.5 
27/07/2014  4.1    4      29.5   13 
28/07/2014  1      6      29.5   13 
29/07/2014  0      5.8    30     12 
30/07/2014  0      4.5    29.5   12.5 
31/07/2014  0      5.1    29.5   12 
01/09/2014  1.5    5.4    28.5   13.5 
02/09/2014  0      3.5    30     14 
03/09/2014  0      5.4    28.5   14 
04/09/2014  0      2.9    30     14.5 
05/09/2014  25.5   1.1    26.5   15.5 
06/09/2014  19     4.8    28.5   15 
07/09/2014  0      10.8   26     14 
08/09/2014  0      2.3    27.5   11.5 
09/09/2014  0      2.3    28     12 
10/09/2014  0      9.6    27.5   14 
11/09/2014  0      4.9    30.5   13.5 
12/09/2014  0      1.6    30     13.5 
13/09/2014  0      2.8    28.5   12.5 
14/09/2014  6      2.8    24.5   13 
15/09/2014  0      4.9    26.5   16 
16/09/2014  0      4.7    27.5   13 
17/09/2014  0      6.1    29     12.5 
18/09/2014  0      3.4    28.5   13 
19/09/2014  0      3.6    28.5   13 
20/09/2014  0      1.5    26     11.5 
21/09/2014  7      1.5    31     12 
22/09/2014  0      2.7    30.5   14 
23/09/2014  0      4.2    28     14 
24/09/2014  23.9   5.9    29     14 
25/09/2014  9      3      29     14.5 
26/09/2014  0      3.4    27     14 
27/09/2014  0      3.7    27.5   14 
28/09/2014  0      4      29.5   14.5 
29/09/2014  0      5.4    29     12 
30/09/2014  0      3.7    30     12 
01/10/2014  0      2.9    28     12 
02/10/2014  10.2   4.8    29.5   13.5 
03/10/2014  22.5   4      28.5   14.5 
04/10/2014  50.5   4.1    27.5   14 
05/10/2014  1      3.3    27     14 
06/10/2014  30     4.9    28     15 
07/10/2014  0      5.4    26.5   13 
08/10/2014  0      4.4    28     12 
09/10/2014  0      4.3    29     11 
10/10/2014  0      4.6    28.5   10.5 
11/10/2014  0      3.7    29.5   11 
12/10/2014  0      4.3    30     12.5 
13/10/2014  0      0.9    29     11.5 
14/10/2014  0      9.2    29.5   11 
15/10/2014  0      4.2    28.5   11.5 
16/10/2014  0      3.2    29     8.5 
17/10/2014  0     Nulo    29.5   8.5 
18/10/2014  0     Nulo    30.5   7.5 
19/10/2014  6.2   Nulo    30.5   7 
20/10/2014  4.6    1.2    29     7.5 
21/10/2014  0      1.9    29     8 
22/10/2014  0      3.4    26     12.5 
23/10/2014  0      4.4    27     13 
24/10/2014  0      2.7    30     11 
25/10/2014  0      5.6    27.5   9 
26/10/2014  0      3      27     8 
27/10/2014  0      3.3    29     9 
28/10/2014  0      3.1    28.5   9 
29/10/2014  0      3.5    29.5   10 
30/10/2014  0     Nulo    29.5   10.5 
31/10/2014  0     Nulo    29.5   8.5 
01/11/2014  0      2.9    27     9 
02/11/2014  0      2.4    26     8 
03/11/2014  0      4.8    27     10 
04/11/2014  0      2.3    27     10.5 
05/11/2014  0      2.7    25     11.5 
06/11/2014  0      4      20     13 
07/11/2014  5.2    5.2    27.5   14 
08/11/2014  0      4      25.5   12.5 
09/11/2014  0      2.7    26.5   5 
10/11/2014  7.4    0.9    25     5.5 
11/11/2014  17.7   6.1    22.5   10 
12/11/2014  0      1.3    25     12 
13/11/2014  0      4.6    25     11 
14/11/2014  0      1.8    26     8 
15/11/2014  0      4.6    26.5   8.5 
16/11/2014  0      1.7    26.5   5 
17/11/2014  0      2.9    25.5   4 
18/11/2014  0      2.3    25.5   5 
19/11/2014  0      2      25     4 
20/11/2014  0      2.1    25     5 
21/11/2014  0      2.5    27     6 
22/11/2014  0      2      27     7.5 
23/11/2014  0      2.4    22.5   6.5 
24/11/2014  0      2.3    26     4 
25/11/2014  0      2.5    25     3.5 
26/11/2014  0      4.3    23.5  -0.5 
27/11/2014  0      3.7    24.5  -1 
28/11/2014  0      3.1    25    -2.5 
29/11/2014  0      1.6    24    -1 
30/11/2014  0      2.3    25.5   5.5 
01/12/2014  0      2.9    27     1.5 
02/12/2014  0      2.7    28.5   2.5 
03/12/2014  0      2.7    28     4.5 
04/12/2014  0      2.1    27.5   6 
05/12/2014  0      2.8    28     7 
06/12/2014  0      3.6    29     5 
07/12/2014  0      1.3    27     4 
08/12/2014  0      3.3    27     6 
09/12/2014  0      4.5    27     4.5 
10/12/2014  0      0.8    23.5   5 
11/12/2014  2.2    1      23.5   9 
12/12/2014  0      2.3    23     7 
13/12/2014  6.5    2.5    24     9 
14/12/2014  0      1.9    22.5   7.5 
15/12/2014  0      1      23     6.5 
16/12/2014  0      2.5    26     6 
17/12/2014  0      3.3    25     7 
18/12/2014  0      1.6    25.5   7.5 
19/12/2014  0      3.6    25.5   5 
20/12/2014  0      1.3    26.5   7 
21/12/2014  0      2.4    24.5   3 
22/12/2014  0      3      25     2 
23/12/2014  0      2.2    25     1 
24/12/2014  0      3      23.5   2 
25/12/2014  0      1.8    21     1 
26/12/2014  0      1.4    25     1 
27/12/2014  16.6   1.6    23     5 
28/12/2014  0      2.7    23     8 
29/12/2014  0      1.9    24     6 
30/12/2014  0      1.3    26     5.5 
31/12/2014  0      1.6    27.5   6 
01/01/2015  0      1.4    28     8 
02/01/2015  0      3.4    26     6 
03/01/2015  0      2.2    24     6 
04/01/2015  0      1.4    23     3 
05/01/2015  0      2.6    22     7 
06/01/2015  0      2.1    27.5   7.5 
07/01/2015  0      2      23.5   8 
08/01/2015  0.5    1.4    25.5   5.5 
09/01/2015  0      2.4    23.5   6 
10/01/2015  0      2.8    25.5   4 
11/01/2015  0      2.8    25     3.5 
12/01/2015  0      2.4    25     4 
13/01/2015  0      1.5    25     2 
14/01/2015  0      3.8    26     5 
15/01/2015  0      2.5    26.5   7 
16/01/2015  0      3.3    26.5   6 
17/01/2015  0      3.9    26     6 
18/01/2015  0      2.2    26.5   7 
19/01/2015  0      2.2    27.5   8 
20/01/2015  0      3.3    28.5   6 
21/01/2015  0     Nulo    28.5   8 
22/01/2015  0     Nulo   Nulo   Nulo
23/01/2015  0     Nulo    25.5   5 
24/01/2015  0     Nulo   Nulo   Nulo
25/01/2015  3     Nulo   Nulo   Nulo
26/01/2015  0     Nulo    26     6 
27/01/2015  0     Nulo   Nulo   Nulo
28/01/2015  0      3.6    29.5   7 
29/01/2015  0     Nulo    30     8 
30/01/2015  0     Nulo   Nulo   Nulo
31/01/2015  0     Nulo    30     1 
01/02/2015  0      9.5    23     7 
02/02/2015  13     1.5    18     10 
03/02/2015  0      2.2    18     9 
04/02/2015  0     Nulo    26     1 
05/02/2015  0     Nulo   Nulo   Nulo
06/02/2015  0     Nulo   Nulo   Nulo
07/02/2015  0     Nulo    26     3 
08/02/2015  0     Nulo   Nulo   Nulo
09/02/2015  0      3.8    29     1 
10/02/2015  0      3.5    28     5 
11/02/2015  0      4      28     6 
12/02/2015  0      6.4    27     3 
13/02/2015  0     Nulo    24     8 
14/02/2015  0     Nulo    21     11 
15/02/2015  0     Nulo    18     1 
16/02/2015  0     Nulo    22     7 
17/02/2015  0     Nulo   Nulo   Nulo
18/02/2015  0     Nulo    25     5 
19/02/2015  0     Nulo    29     5 
20/02/2015  0      5.5    29     6 
21/02/2015  0     Nulo    28     6 
22/02/2015  0     Nulo   Nulo   Nulo
23/02/2015  0      5.1    30.5   6.5 
24/02/2015  0      4.8    33.5   9 
25/02/2015  0      6.7    31.5   7.5 
26/02/2015  0      4.2    28     5 
27/02/2015  0      5      27     4 
28/02/2015 Nulo   Nulo   Nulo    2 
01/03/2015  0      4.6    28.5   7 
02/03/2015  0      5.2    30     6 
03/03/2015  0      5.6    31     6 
04/03/2015  0      3.3    29     6 
05/03/2015  0      3.7    26.5   7 
06/03/2015  0      6.1    28     10 
07/03/2015  0      4      31     10 
08/03/2015  0      5.2    30     12 
09/03/2015  9.8    2.3    29.5   13 
10/03/2015  0      2.4    15     5 
11/03/2015  0      1.3    23     4 
12/03/2015  0      3.9    23     2 
13/03/2015  0      5.6    23     8 
14/03/2015  0      4.8    24     8 
15/03/2015  0      5.2    24.5   8 
16/03/2015  58.5   2.6    15     9 
17/03/2015  8      5      13     8 
18/03/2015  0      3.8    16.5   7.5 
19/03/2015  1.1    3.2    23     6 
20/03/2015  4.6    0.7    24     11.5 
21/03/2015  0      4.4    23     12 
22/03/2015  0      5      24     9 
23/03/2015  0      4.1    26.5   6.5 
24/03/2015  0      7.4    29.5   8 
25/03/2015  0      1.3    29     10 
26/03/2015  0      8.1    28     7 
27/03/2015  0      7.6    29     9 
28/03/2015  0      4.9    20     8 
29/03/2015  0      7      29.5   8 
30/03/2015  0      4.6    30     9 
31/03/2015  0     Nulo    30     9 
01/04/2015  0      5.2    30     7 
02/04/2015  0      7.2    29     7.5 
03/04/2015  0      6      31     8 
04/04/2015  0      5.7    32     9.5 
05/04/2015  0      4.4    31.5   13 
06/04/2015  0      5      32     12.5 
07/04/2015  0      7.7    33     11 
08/04/2015  0      4.5    33.5   11 
09/04/2015  0      6.6    33.5   11 
10/04/2015  0      5.6    33     11 
11/04/2015  0      6.3    32     12 
12/04/2015  0      1.7    31     13 
13/04/2015  0      4.8    26     9 
14/04/2015  0      2.9    28     9.5 
15/04/2015  0      5.1    26     12 
16/04/2015  0      6.9    27.5   9.5 
17/04/2015  0      4.6    31     9 
18/04/2015  0      3.8    28.5   9.5 
19/04/2015  0      6.2    27     7 
20/04/2015  0      7.5    29     8 
21/04/2015  0      7.1    30.5   7.5 
22/04/2015  0      7      32     9.5 
23/04/2015  0      7.6    32.5   9 
24/04/2015  0      6.5    32     11 
25/04/2015  0      6.4    31     12 
26/04/2015  0      4.6    31     9 
27/04/2015  2      8.2    27.5   12 
28/04/2015  0      4.4    29     10.5 
29/04/2015  0      4.3    30.5   12 
30/04/2015  0      4.3    29     9 
01/05/2015  0      6.8    29     8 
02/05/2015  0      7.1    30.5   10.5 
03/05/2015  0      8.3    31     7 
04/05/2015  0      6.7    31     7 
05/05/2015  0      7.3    32     7 
06/05/2015  0      1.2    32     12 
07/05/2015  0      8.3    35     13 
08/05/2015  0      2.1    34     13 
09/05/2015  0      7      34.5   12 
10/05/2015  0      6.9    34.5   12.5 
11/05/2015  0      8.7    34     12 
12/05/2015  0      6.4    35     13.5 
13/05/2015  0      5.5    32     14 
14/05/2015  0     Nulo    32.5   11.5 
15/05/2015  0     Nulo    32.5   11.5 
16/05/2015  0     Nulo    32.5   11.5 
17/05/2015  0     Nulo    33.5   9 
18/05/2015  0      8.5    34     9 
19/05/2015  0      7.2    34     11.5 
20/05/2015  0      6.4    33.5   11 
21/05/2015  0      7.8    35     13 
22/05/2015  2.5    1.6    34     12 
23/05/2015  0      8.6    34.5   12.5 
24/05/2015  0      6.7    33.5   11 
25/05/2015  0      6.8    33     10 
26/05/2015  0      2      33.5   10 
27/05/2015  0      2.4    34     11.5 
28/05/2015  0      6.5    35.5   15.5 
29/05/2015  1.5    6.8    35.5   15 
30/05/2015  20     3.6    33.5   14 
31/05/2015  0     Nulo    31.5   13 
--------------------------------------
