CNA-SMN-CG-GMC-SMAA-CLIMATOLOGIA
BASE DE DATOS CLIMATOLOGICA
DATOS DISPONIBLES EN LA BASE DE DATOS A MARZO 2020;CON LA INFORMACION SUMINISTRADA POR LAS OFICINAS REGIONALES
 
ESTACION  : 14195
NOMBRE    : ANTONIO ESCOBEDO (DGE)
ESTADO    : JALISCO
MUNICIPIO : SAN JUANITO DE ESCOBEDO
SITUACIÓN : OPERANDO
ORGANISMO : CONAGUA-DGE
CVE-OMM   : Nulo
LATITUD   : 020.799°
LONGITUD  : -104.004°
ALTITUD   : 1,360 msnm
 
EMISION   : 06/04/2020 
 
           PRECIP  EVAP   TMAX   TMIN
  FECHA     (MM)   (MM)   (°C)   (°C)
01/01/2012  0      1.1    28     0 
02/01/2012  0      1.3    26    -1 
03/01/2012  0      1.2    25     4 
04/01/2012  0      1.1    26     2 
05/01/2012  0      0.8    24     2 
06/01/2012  0      0.6    25    -2 
07/01/2012  0      0.7    27     1 
08/01/2012  0      0.4    28     2 
09/01/2012  0      0.5    26     0.4 
10/01/2012  0      0.4    26     5 
11/01/2012  0      0.4    27     2 
12/01/2012  0      0.6    28     2 
13/01/2012  0      0.2    28     4 
14/01/2012  0      0.2    27     7 
15/01/2012  0      0.3    28     8 
16/01/2012  0      0.3    28     6 
17/01/2012  0      0.2    29     7 
18/01/2012  0      0.3    29     6 
19/01/2012  0      0.3    28     6 
20/01/2012  0      0.2    29     5 
21/01/2012  0      0.3    29     7 
22/01/2012  0      0.3    28     7 
23/01/2012  0      0.3    28     5 
24/01/2012  0      0.4    29     6 
25/01/2012  0      0.3    28     5 
26/01/2012  0      0.4    27     7 
27/01/2012  0      0.3    27     7 
28/01/2012  0      0.4    26     6 
29/01/2012  0      0.3    27     2 
30/01/2012  0      0.2    27     3 
31/01/2012  0      0.3    26     5 
01/02/2012  0      3.5    27     7 
02/02/2012  0      5.5    26     10 
03/02/2012  0      3.4    28     6 
04/02/2012  0      3.1    29     5 
05/02/2012  0      4.3    27     6 
06/02/2012  0      3.2    27     4 
07/02/2012  0      3.7    26     5 
08/02/2012  0      4.3    25     3 
09/02/2012  2      3.6    24     5 
10/02/2012  16     5.4    20     6 
11/02/2012  20.5   5.2    21     8 
12/02/2012  5      5.1    25     10 
13/02/2012  52     5      22     10 
14/02/2012  6      4.2    21     11 
15/02/2012  17     3.8    22     13 
16/02/2012  0      3.4    20     12 
17/02/2012  0      3.2    24     9 
18/02/2012  0      2.7    23     7 
19/02/2012  0      3.3    25     8 
20/02/2012  0      2.7    25     10 
21/02/2012  0      3.1    26     10 
22/02/2012  0      3      28     11 
23/02/2012  0      4.8    27     11 
24/02/2012  0      3.6    28     9 
25/02/2012  0      3.4    29     9 
26/02/2012  0      3.2    28     9 
27/02/2012  0      3.8    28     9 
28/02/2012  0      3.5    30     10 
29/02/2012  0      4.9    30     10 
01/03/2012  0      5.5    30     9 
02/03/2012  0      4.3    29     10 
03/03/2012  0      4.1    32     8 
04/03/2012  0      9.5    29     9 
05/03/2012  0      11.1   31     8 
06/03/2012  0      6.3    31     9 
07/03/2012  0      4.5    31     9 
08/03/2012  0      4.4    31     10 
09/03/2012  0      4.5    31     9 
10/03/2012  0      4.1    32     10 
11/03/2012  0      5.6    31     9 
12/03/2012  0      5.4    31     8 
13/03/2012  0      5.7    32     8 
14/03/2012  0      5.5    32     9 
15/03/2012  0      5.7    32     8 
16/03/2012  0      8.3    32     9 
17/03/2012  0      6.8    33     9 
18/03/2012  0      8      28     10 
19/03/2012  0      3.9    30     8 
20/03/2012  0      5.9    29     8 
21/03/2012  0      5.2    30     9 
22/03/2012  0      6.2    30     8 
23/03/2012  0      11.3   30     7 
24/03/2012  0      6.5    31     8 
25/03/2012  0      7      31     8 
26/03/2012  0      10.5   31     9 
27/03/2012  0      5.5    29     8 
28/03/2012  0      3.6    30     7 
29/03/2012  0      5.6    30     9 
30/03/2012  0      5.2    31     8 
31/03/2012  0      6.6    31     8 
01/04/2012  0      5.6    30     9 
02/04/2012  0      6.3    29     7 
03/04/2012  0      8.5    31     5 
04/04/2012  0      6.2    32     6 
05/04/2012  0      6.3    27     8 
06/04/2012  0      6      31     4 
07/04/2012  0      6.9    32     6 
08/04/2012  0      5.6    32     6 
09/04/2012  0      5.8    33     7 
10/04/2012  0      8.4    33     8 
11/04/2012  0      1.1    33     9 
12/04/2012  0      7.8    33     6 
13/04/2012  0      1.2    33     7 
14/04/2012  0      7.3    33     6 
15/04/2012  0      6.3    31     6 
16/04/2012  0      6.8    33     6 
17/04/2012  0      7.2    32     7 
18/04/2012  0      5.7    32     6 
19/04/2012  0      7.1    32     7 
20/04/2012  0      1      31     5 
21/04/2012  0      9.2    33     5 
22/04/2012  0      7.2    34     6 
23/04/2012  0      8.3    33     10 
24/04/2012  0      7.5    33     12 
25/04/2012  0      8.2    34     12 
26/04/2012  0      7.3    35     10 
27/04/2012  0      9.3    34     10 
28/04/2012  0      8.4    32     12 
29/04/2012  0      8.6    32     10 
30/04/2012  0      8.9    32     10 
01/05/2012  0      8.3    35     11 
02/05/2012  0      8      35     12 
03/05/2012  0      6.7    34     12 
04/05/2012  0      8.1    33     12 
05/05/2012  0      7.6    35     12 
06/05/2012  0      8.6    33     12 
07/05/2012  0      8.1    34     10 
08/05/2012  0      8.5    34     10 
09/05/2012  0      7.8    33     10 
10/05/2012  0      7      33     10 
11/05/2012  0      7.2    33     11 
12/05/2012  0      6.7    33     11 
13/05/2012  0      8.5    34     11 
14/05/2012  0      7.6    35     12 
15/05/2012  0      8.7    33     14 
16/05/2012  0      7.1    33     12 
17/05/2012  0      7.6    34     11 
18/05/2012  0      6.7    34     13 
19/05/2012  0      8.3    34     11 
20/05/2012  0      8.2    36     12 
21/05/2012  0      8.4    34     13 
22/05/2012  0      7.2    33     12 
23/05/2012  0      7.3    33     13 
24/05/2012  1.8    7.6    33     13 
25/05/2012  4      6.3    32     14 
26/05/2012  0      7.2    33     17 
27/05/2012  0      8.2    34     16 
28/05/2012  0      9.8    35     17 
29/05/2012  0      8      36     19 
30/05/2012  0      8.4    36     18 
31/05/2012  0      3.2    36     18 
01/06/2012  0      9.5    34     18 
02/06/2012  0      8.1    33     14 
03/06/2012  0      8.2    33     14 
04/06/2012  0      8.5    33     13 
05/06/2012  0      7.8    35     10 
06/06/2012  4      8.2    34     11 
07/06/2012  1      8.8    33     17 
08/06/2012  7      7.7    34     17 
09/06/2012  21.5   11.1   34     16 
10/06/2012  0     Nulo    33     17 
11/06/2012  0      8.3    34     16 
12/06/2012  0      7.7    34     16 
13/06/2012  0      7.2    33     16 
14/06/2012  4      1.8    31     16 
15/06/2012  18.5   11.1   30     16 
16/06/2012  0     Nulo    30     15 
17/06/2012  0      7.8    28     16 
18/06/2012  45     9.1    30     17 
19/06/2012  1     Nulo    28     16 
20/06/2012  30     7.5    28     14 
21/06/2012  0     Nulo    28     14 
22/06/2012  1.2    7      28     15 
23/06/2012  0     Nulo    28     16 
24/06/2012  36.5   8.8    28     16 
25/06/2012  2     Nulo    28     17 
26/06/2012  1.8    7.5    28     17 
27/06/2012  0      8      28     15 
28/06/2012  0      9.4    28     16 
29/06/2012  3      10.4   28     17 
30/06/2012  24.5  Nulo    28     17 
01/07/2012  3      9.6    30     16 
02/07/2012  7.2    9.8    32     17 
03/07/2012  2      11.3   29     17 
04/07/2012  0      9.8    31     17 
05/07/2012  9.3    10.7   32     17 
06/07/2012  8      10.5   32     17 
07/07/2012  0      0.9    31     17 
08/07/2012  0      12.2   31     16 
09/07/2012  5.2    13.8   31     17 
10/07/2012  16.5   12     31     16 
11/07/2012  4.5    11.1   32     16 
12/07/2012  2      10.2   31     16 
13/07/2012  3.5    11.3   31     17 
14/07/2012  30     4.2    31     17 
15/07/2012  0      8.2    31     16 
16/07/2012  0      5.2    31     17 
17/07/2012  0      7.5    31     16 
18/07/2012  0      6.5    31     16 
19/07/2012  11     7.7    32     17 
20/07/2012  22     7.3    31     17 
21/07/2012  8.8    6.9    32     17 
22/07/2012  10.2   8.4    32     16 
23/07/2012  9      7.6    32     16 
24/07/2012  2      6.8    32     16 
25/07/2012  0      7.7    32     17 
26/07/2012  3      6.5    30     17 
27/07/2012  5      7      31     15 
28/07/2012  32     6.7    31     16 
29/07/2012  0      6.3    32     16 
30/07/2012  0      4.7    31     16 
31/07/2012  0.7    5.5    32     17 
01/08/2012  6.5    6.2    31     16 
02/08/2012  0      4.5    32     16 
03/08/2012  0      6.3    32     16 
04/08/2012  2.7    6      33     17 
05/08/2012  4.7    5.9    31     17 
06/08/2012  3      2      31     17 
07/08/2012  0      6.3    31     17 
08/08/2012  4.2    4      31     17 
09/08/2012  0      6      32     17 
10/08/2012  0      5      32     17 
11/08/2012  0      1.2    31     18 
12/08/2012  1.2    7      31     17 
13/08/2012  2      7.5    28     17 
14/08/2012  0      5.9    30     17 
15/08/2012  0      4.5    30     15 
16/08/2012  0      6.3    30     16 
17/08/2012  3      4.8    30     15 
18/08/2012  17     5      30     15 
19/08/2012  0      5.3    29     16 
20/08/2012  0      4.7    30     16 
21/08/2012  1.3    6      30     16 
22/08/2012  6.5    7      29     17 
23/08/2012  4.5    4.8    28     16 
24/08/2012  2      4.5    29     17 
25/08/2012  22     4.4    29     18 
26/08/2012  0      4.4    28     17 
27/08/2012  0      4.6    29     17 
28/08/2012  0      6.3    30     17 
29/08/2012  1.2    6.1    29     18 
30/08/2012  35     5.9    29     18 
31/08/2012  8      5.3    29     16 
01/09/2012  1.3    6.1    29     17 
02/09/2012  0      6.8    28     17 
03/09/2012  3      7.7    28     15 
04/09/2012  0      6.6    29     15 
05/09/2012  0      6.8    29     16 
06/09/2012  0      6.4    30     16 
07/09/2012  2      5.5    29     16 
08/09/2012  7.5    5.3    30     18 
09/09/2012  0      4.4    30     17 
10/09/2012  0      4.3    28     16 
11/09/2012  12.8  Nulo    29     16 
12/09/2012  2      4.7    28     16 
13/09/2012  0      4.5    29     16 
14/09/2012  19    Nulo    29     16 
15/09/2012  0      4.8    29     17 
16/09/2012  0      4.2    28     17 
17/09/2012  0      4.1    29     16 
18/09/2012  0      5.6    29     16 
19/09/2012  0      5.3    29     16 
20/09/2012  0      4.4    28     15 
21/09/2012  0      4.8    28     15 
22/09/2012  0      4.1    29     15 
23/09/2012  0      4.2    28     16 
24/09/2012  0      4.7    29     15 
25/09/2012  0      4.6    28     16 
26/09/2012  0     Nulo    28     16 
27/09/2012  0     Nulo    29     15 
28/09/2012  0     Nulo    27     16 
29/09/2012  0     Nulo    28     16 
30/09/2012  0     Nulo    28     15 
01/10/2012  0     Nulo    29     16 
02/10/2012  0     Nulo    30     16 
03/10/2012  0      3.2    29     17 
04/10/2012  0      3.3    30     17 
05/10/2012  0      3.4    33     14 
06/10/2012  0      3.6    30     15 
07/10/2012  0      3.5    29     14 
08/10/2012  0      4      30     14 
09/10/2012  0      3.5    30     13 
10/10/2012  0      3.7    29     14 
11/10/2012  3.2    4      30     13 
12/10/2012  10     3.1    30     14 
13/10/2012  0      4.1    28     16 
14/10/2012  0      3      30     16 
15/10/2012  0      3.3    28     14 
16/10/2012  0      3.6    28     15 
17/10/2012  0     Nulo    28     15 
18/10/2012  0     Nulo    29     14 
19/10/2012  0     Nulo    30     13 
20/10/2012  0     Nulo    30     15 
21/10/2012  0     Nulo    30     17 
22/10/2012  0     Nulo    30     17 
23/10/2012  0     Nulo    32     17 
24/10/2012  0     Nulo    31     18 
25/10/2012  0     Nulo    30     15 
26/10/2012  0     Nulo    29     13 
27/10/2012  0     Nulo    30     14 
28/10/2012  0     Nulo    30     13 
29/10/2012  0     Nulo    30     13 
30/10/2012  0     Nulo    28     10 
31/10/2012  0     Nulo    28     9 
01/11/2012  0     Nulo    29     9 
02/11/2012  0     Nulo    29     10 
03/11/2012  0     Nulo    28     10 
04/11/2012  0     Nulo    28     10 
05/11/2012  0     Nulo    28     12 
06/11/2012  0     Nulo    28     8 
07/11/2012  0     Nulo    28     8 
08/11/2012  0     Nulo    28     8 
09/11/2012  0     Nulo    28     7 
10/11/2012  0     Nulo    28     7 
11/11/2012  0     Nulo    29     7 
12/11/2012  0     Nulo    28     8 
13/11/2012  0     Nulo    27     9 
14/11/2012  0     Nulo    29     9 
15/11/2012  0     Nulo    29     11 
16/11/2012  0     Nulo    28     8 
17/11/2012  0     Nulo    28     8 
18/11/2012  0     Nulo    28     7 
19/11/2012  0     Nulo    29     8 
20/11/2012  0     Nulo    28     8 
21/11/2012  0     Nulo    27     9 
22/11/2012  0     Nulo    27     8 
23/11/2012  0     Nulo    28     7 
24/11/2012  0     Nulo    28     8 
25/11/2012  0     Nulo    27     7 
26/11/2012  0     Nulo    27     7 
27/11/2012  0     Nulo    27     7 
28/11/2012  0     Nulo    28     8 
29/11/2012  0     Nulo    28     7 
30/11/2012  0     Nulo    28     8 
01/12/2012  0     Nulo    29     7 
02/12/2012  0     Nulo    29     8 
03/12/2012  0     Nulo    28     10 
04/12/2012  0     Nulo    28     7 
05/12/2012  0     Nulo    29     7 
06/12/2012  0     Nulo    28     5 
07/12/2012  0     Nulo    22     6 
08/12/2012  0     Nulo    22     2 
09/12/2012  0     Nulo    26     1 
10/12/2012  0     Nulo    27     2 
11/12/2012  0     Nulo    27     4 
12/12/2012  0     Nulo    26     6 
13/12/2012  0     Nulo    25     6 
14/12/2012  0     Nulo    26     5 
15/12/2012  0     Nulo    28     6 
16/12/2012  0     Nulo    29     6 
17/12/2012  0     Nulo    28     6 
18/12/2012  0     Nulo    28     5 
19/12/2012  0     Nulo    28     2 
20/12/2012  0     Nulo    28     6 
21/12/2012  0     Nulo    29     8 
22/12/2012  0     Nulo    28     10 
23/12/2012  0     Nulo    28     5 
24/12/2012  0     Nulo    28     4 
25/12/2012  0     Nulo    27     5 
26/12/2012  0     Nulo    27     2 
27/12/2012  0     Nulo    28     2 
28/12/2012  0     Nulo    27     3 
29/12/2012  0     Nulo    28     4 
30/12/2012  0     Nulo    28     4 
31/12/2012  10    Nulo    27     5 
01/01/2013  0     Nulo    28     6 
02/01/2013  0     Nulo    28     6 
03/01/2013  0     Nulo    28     5 
04/01/2013  0     Nulo    26     5 
05/01/2013  0     Nulo    22     6 
06/01/2013  0     Nulo    27     5 
07/01/2013  0     Nulo    27     5 
08/01/2013  0     Nulo    22     5 
09/01/2013  0     Nulo    22     6 
10/01/2013  0     Nulo    27     4 
11/01/2013  0     Nulo    28     4 
12/01/2013  0     Nulo    28     6 
13/01/2013  0     Nulo    27     6 
14/01/2013  0     Nulo    22     8 
15/01/2013  0     Nulo    26     7 
16/01/2013  0     Nulo    27     7 
17/01/2013  0     Nulo    24     7 
18/01/2013  0     Nulo    22     7 
19/01/2013  0     Nulo    25     4 
20/01/2013  0     Nulo    21     6 
21/01/2013  0     Nulo    27     7 
22/01/2013  0     Nulo    27     7 
23/01/2013  0     Nulo    28     7 
24/01/2013  0     Nulo    28     8 
25/01/2013  0     Nulo    27     6 
26/01/2013  0     Nulo    28     5 
27/01/2013  0     Nulo    28     7 
28/01/2013  0     Nulo    28     7 
29/01/2013  0     Nulo    27     8 
30/01/2013  0     Nulo    27     3 
31/01/2013  0     Nulo    28     4 
01/02/2013  0     Nulo    30     5 
02/02/2013  0     Nulo    29     5 
03/02/2013  0     Nulo    29     6 
04/02/2013  0     Nulo    29     6 
05/02/2013  0     Nulo    29     4 
06/02/2013  0     Nulo    28     5 
07/02/2013  0     Nulo    28     4 
08/02/2013  0     Nulo    30     5 
09/02/2013  0     Nulo    30     5 
10/02/2013  0     Nulo    28     5 
11/02/2013  0     Nulo    29     4 
12/02/2013  0     Nulo    29     5 
13/02/2013  0     Nulo    28     5 
14/02/2013  0     Nulo    28     3 
15/02/2013  0     Nulo    28     4 
16/02/2013  0     Nulo    27     2 
17/02/2013  0     Nulo    28     5 
18/02/2013  0     Nulo    29     5 
19/02/2013  0     Nulo    29     6 
20/02/2013  0     Nulo    28     5 
21/02/2013  0     Nulo    28     4 
22/02/2013  0     Nulo    28     4 
23/02/2013  0     Nulo    28     5 
24/02/2013  0     Nulo    28     3 
25/02/2013  0     Nulo    29     6 
26/02/2013  0     Nulo    29     7 
27/02/2013  0     Nulo    30     7 
28/02/2013  0     Nulo    30     5 
01/03/2013  0     Nulo    31     5 
02/03/2013  0     Nulo    25     5 
03/03/2013  0     Nulo    26     4 
04/03/2013  0     Nulo    29     1 
05/03/2013  0     Nulo    30     2 
06/03/2013  0     Nulo    30     3 
07/03/2013  0     Nulo    30     6 
08/03/2013  0     Nulo    30     6 
09/03/2013  0     Nulo    29     5 
10/03/2013  0     Nulo    30     5 
11/03/2013  0     Nulo    31     7 
12/03/2013  0     Nulo    31     6 
13/03/2013  0     Nulo    31     7 
14/03/2013  0     Nulo    27     8 
15/03/2013  0     Nulo    26     12 
16/03/2013  0     Nulo    26     11 
17/03/2013  0     Nulo    27     5 
18/03/2013  0     Nulo    28     4 
19/03/2013  0     Nulo    29     5 
20/03/2013  0     Nulo    29     5 
21/03/2013  0     Nulo    32     7 
22/03/2013  0     Nulo    31     5 
23/03/2013  0     Nulo    31     5 
24/03/2013  0     Nulo    31     5 
25/03/2013  0     Nulo    32     5 
26/03/2013  0     Nulo    32     6 
27/03/2013  0     Nulo    32     6 
28/03/2013  0     Nulo    32     7 
29/03/2013  0     Nulo    32     7 
30/03/2013  0     Nulo    32     7 
31/03/2013  0     Nulo    32     6 
01/04/2013  0     Nulo    33     6 
02/04/2013  0     Nulo    33     8 
03/04/2013  0     Nulo    33     9 
04/04/2013  0     Nulo    32     8 
05/04/2013  0     Nulo    32     8 
06/04/2013  0     Nulo    33     8 
07/04/2013  0     Nulo    33     8 
08/04/2013  0     Nulo    32     7 
09/04/2013  0     Nulo    33     7 
10/04/2013  0     Nulo    30     6 
11/04/2013  0     Nulo    31     5 
12/04/2013  0     Nulo    32     5 
13/04/2013  0     Nulo    31     7 
14/04/2013  0     Nulo    32     6 
15/04/2013  0     Nulo    32     6 
16/04/2013  0     Nulo    34     6 
17/04/2013  0     Nulo    35     6 
18/04/2013  0     Nulo    35     8 
19/04/2013  0     Nulo    35     8 
20/04/2013  0     Nulo    33     7 
21/04/2013  0     Nulo    33     7 
22/04/2013  0     Nulo    34     7 
23/04/2013  0     Nulo    33     7 
24/04/2013  0     Nulo    32     7 
25/04/2013  0     Nulo    32     8 
26/04/2013  0     Nulo    32     10 
27/04/2013  0     Nulo    34     10 
28/04/2013  0     Nulo    34     7 
29/04/2013  0     Nulo    32     6 
30/04/2013  0     Nulo    32     3 
01/05/2013  0     Nulo    33     3 
02/05/2013  0     Nulo    34     5 
03/05/2013  0     Nulo    33     6 
04/05/2013  0     Nulo    33     3 
05/05/2013  0     Nulo    32     4 
06/05/2013  0     Nulo    32     4 
07/05/2013  0     Nulo    32     6 
08/05/2013  0     Nulo    33     6 
09/05/2013  0     Nulo    33     6 
10/05/2013  0     Nulo    33     7 
11/05/2013  0     Nulo    34     5 
12/05/2013  0     Nulo    34     5 
13/05/2013  0     Nulo    32     5 
14/05/2013  0     Nulo    33     7 
15/05/2013  0     Nulo    33     8 
16/05/2013  0     Nulo    33     8 
17/05/2013  0     Nulo    33     8 
18/05/2013  0     Nulo    34     7 
19/05/2013  0     Nulo    34     8 
20/05/2013  0     Nulo    34     8 
21/05/2013  0     Nulo    34     8 
22/05/2013  0     Nulo    34     7 
23/05/2013 Nulo   Nulo    34     7 
24/05/2013 Nulo   Nulo    35     7 
25/05/2013 Nulo   Nulo    33     8 
26/05/2013 Nulo   Nulo    33     7 
27/05/2013 Nulo   Nulo    34     8 
28/05/2013 Nulo   Nulo    32     8 
29/05/2013 Nulo   Nulo    33     5 
30/05/2013 Nulo   Nulo    33     5 
31/05/2013 Nulo   Nulo    33     5 
01/06/2013 Nulo   Nulo    35     6 
02/06/2013 Nulo   Nulo    34     6 
03/06/2013 Nulo   Nulo    34     7 
04/06/2013 Nulo   Nulo    34     7 
05/06/2013 Nulo   Nulo    35     9 
06/06/2013 Nulo   Nulo    35     9 
07/06/2013 Nulo   Nulo    34     10 
08/06/2013 Nulo   Nulo    33     7 
09/06/2013 Nulo   Nulo    30     8 
10/06/2013 Nulo   Nulo    32     8 
11/06/2013 Nulo   Nulo    30     10 
12/06/2013 Nulo   Nulo    32     8 
13/06/2013 Nulo   Nulo    32     8 
14/06/2013 Nulo   Nulo    33     8 
15/06/2013 Nulo   Nulo    32     8 
16/06/2013 Nulo   Nulo    32     8 
17/06/2013 Nulo   Nulo    32     9 
18/06/2013 Nulo   Nulo    30     10 
19/06/2013 Nulo   Nulo    31     10 
20/06/2013 Nulo   Nulo    31     10 
21/06/2013 Nulo   Nulo    29     10 
22/06/2013 Nulo   Nulo    27     10 
23/06/2013 Nulo   Nulo    28     11 
24/06/2013 Nulo   Nulo    28     10 
25/06/2013 Nulo   Nulo    27     10 
26/06/2013 Nulo   Nulo    26     10 
27/06/2013 Nulo   Nulo    27     9 
28/06/2013 Nulo   Nulo    30     8 
29/06/2013 Nulo   Nulo    30     8 
30/06/2013 Nulo   Nulo    29     8 
01/07/2013 Nulo   Nulo    30     9 
02/07/2013 Nulo   Nulo    30     10 
03/07/2013 Nulo   Nulo    29     10 
04/07/2013 Nulo   Nulo    28     9 
05/07/2013 Nulo   Nulo    28     9 
06/07/2013 Nulo   Nulo    27     8 
07/07/2013 Nulo   Nulo    26     8 
08/07/2013 Nulo   Nulo    27     8 
09/07/2013 Nulo   Nulo    26     9 
10/07/2013 Nulo   Nulo    27     9 
11/07/2013 Nulo   Nulo    27     9 
12/07/2013 Nulo   Nulo    25     9 
13/07/2013 Nulo   Nulo    26     9 
14/07/2013 Nulo   Nulo    30     9 
15/07/2013 Nulo   Nulo    27     10 
16/07/2013 Nulo   Nulo    27     8 
17/07/2013 Nulo   Nulo    27     8 
18/07/2013 Nulo   Nulo    28     9 
19/07/2013 Nulo   Nulo    28     9 
20/07/2013 Nulo   Nulo    27     10 
21/07/2013 Nulo   Nulo    27     9 
22/07/2013 Nulo   Nulo    27     9 
23/07/2013 Nulo   Nulo    27     9 
24/07/2013 Nulo   Nulo    27     9 
25/07/2013 Nulo   Nulo    28     8 
26/07/2013 Nulo   Nulo    27     9 
27/07/2013 Nulo   Nulo    27     8 
28/07/2013 Nulo   Nulo    29     8 
29/07/2013 Nulo   Nulo    29     9 
30/07/2013 Nulo   Nulo    29     9 
31/07/2013 Nulo   Nulo    29     10 
01/08/2013 Nulo   Nulo    27     10 
02/08/2013 Nulo   Nulo    27     10 
03/08/2013 Nulo   Nulo    29     10 
04/08/2013 Nulo   Nulo    28     9 
05/08/2013 Nulo   Nulo    28     8 
06/08/2013 Nulo   Nulo    28     9 
07/08/2013 Nulo   Nulo    30     9 
08/08/2013 Nulo   Nulo    29     10 
09/08/2013 Nulo   Nulo    29     9 
10/08/2013 Nulo   Nulo    29     9 
11/08/2013 Nulo   Nulo    28     8 
12/08/2013 Nulo   Nulo    27     7 
13/08/2013 Nulo   Nulo    28     7 
14/08/2013 Nulo   Nulo    28     8 
15/08/2013 Nulo   Nulo    29     8 
16/08/2013 Nulo   Nulo    30     9 
17/08/2013 Nulo   Nulo    30     10 
18/08/2013 Nulo   Nulo    29     10 
19/08/2013 Nulo   Nulo    30     8 
20/08/2013 Nulo   Nulo    29     8 
21/08/2013 Nulo   Nulo    27     8 
22/08/2013 Nulo   Nulo    27     7 
23/08/2013 Nulo   Nulo    27     9 
24/08/2013 Nulo   Nulo    27     9 
25/08/2013 Nulo   Nulo    27     8 
26/08/2013 Nulo   Nulo    26     8 
27/08/2013 Nulo   Nulo    29     7 
28/08/2013 Nulo   Nulo    27     8 
29/08/2013 Nulo   Nulo    28     7 
30/08/2013 Nulo   Nulo    28     7 
31/08/2013 Nulo   Nulo    28     7 
01/09/2013  0      2      27     7 
02/09/2013  13.2   1.7    27     6 
03/09/2013  5.8    1.8    26     6 
04/09/2013  11.7   1.8    24     6 
05/09/2013  6      1.9    22     6 
06/09/2013  0      1.8    23     5 
07/09/2013  21     1.8    22     0.6 
08/09/2013  9.5    1.6    24     5 
09/09/2013  5.6    2.1    25     7 
10/09/2013  3.2    2.2    27     7 
11/09/2013  5      2.3    27     7 
12/09/2013  0      2.1    27     7 
13/09/2013  0      2.4    27     7 
14/09/2013  0      2.4    27     7 
15/09/2013  23     2.8    25     7 
16/09/2013  20.5   2.4    21     6 
17/09/2013  0      2.6    24     6 
18/09/2013  0      2.7    26     5 
19/09/2013  22     2.8    28     6 
20/09/2013  0      3.1    26     8 
21/09/2013  0      2.9    26     7 
22/09/2013  3      2.8    27     7 
23/09/2013  40     3.2    26     7 
24/09/2013  23     3.4    27     7 
25/09/2013  0      3      27     6 
26/09/2013  20.2   3.9    28     6 
27/09/2013  3.3    3.3    24     7 
28/09/2013  0      2.3    22     7 
29/09/2013  4      2.9    23     7 
30/09/2013  0      4.1    24     7 
01/10/2013  1      3.4    28     7 
02/10/2013  0      3.8    28     7 
03/10/2013  24     3.5    28     8 
04/10/2013  0      3.2    28     8 
05/10/2013  0      4.3    28     7 
06/10/2013  0      3.7    27     7 
07/10/2013  18     4      28     7 
08/10/2013  0      3.8    28     7 
09/10/2013  0      3.8    26     7 
10/10/2013  0      3.9    27     5 
11/10/2013  0      3.6    27     6 
12/10/2013  0      3.9    28     6 
13/10/2013  0      3.7    27     8 
14/10/2013  0      3.7    28     7 
15/10/2013  0      3.9    28     7 
16/10/2013  0      3.6    28     8 
17/10/2013  0      3.7    27     7 
18/10/2013  28.5   3.8    27     6 
19/10/2013  0      3.7    27     5 
20/10/2013  0      3.5    27     6 
21/10/2013  0      3.5    25     5 
22/10/2013  0      2.9    23     5 
23/10/2013  0      3.1    27     4 
24/10/2013  0      3.8    23     7 
25/10/2013  0      4.1    26     2 
26/10/2013  0      3.4    23     5 
27/10/2013  0      3.7    23     1 
28/10/2013  0      5.4    24     3 
29/10/2013  3      3.4    28     5 
30/10/2013  2      3.8    25     8 
31/10/2013  0      3.6    26     7 
01/11/2013  0      3.4    28     15 
02/11/2013  45     3.7    24     16 
03/11/2013  0      0.3    26     13 
04/11/2013  1      3.2    20     13 
05/11/2013  0      3.8    21     13 
06/11/2013  30     2.4    27     13 
07/11/2013  0      3.1    25     14 
08/11/2013  0      2.7    25     13 
09/11/2013  0      3.3    25     13 
10/11/2013  0      3.4    26     12 
11/11/2013  0      3.3    23     12 
12/11/2013  0      3.6    21     11 
13/11/2013  0      3.5    21     12 
14/11/2013  0      4.1    22     12 
15/11/2013  10     3.9    22     12 
16/11/2013  22.7   3.2    26     13 
17/11/2013  0      2.6    24     13 
18/11/2013  0      2.2    25     14 
19/11/2013  0      3      26     15 
20/11/2013  0      2.7    26     14 
21/11/2013  0      3.3    25     14 
22/11/2013  0      2.4    26     14 
23/11/2013  0      3.1    26     14 
24/11/2013  3.2    2.7    21     15 
25/11/2013  0      2.3    24     12 
26/11/2013  0      2.6    24     12 
27/11/2013  0      2.6    22     8 
28/11/2013  0      3      24     6 
29/11/2013  0      2.9    25     6 
30/11/2013  0      3      24     7 
01/12/2013  0      3      25     6 
02/12/2013  0      3      26     6 
03/12/2013  0      3.5    27     7 
04/12/2013  0      2.9    26     7 
05/12/2013  0      3.1    27     6 
06/12/2013  0      3.5    26     6 
07/12/2013  0      3.3    25     5 
08/12/2013  0      3.5    27     6 
09/12/2013  0      2.8    25     7 
10/12/2013  0      3.1    26     8 
11/12/2013  0      3      26     8 
12/12/2013  0      3.2    23     8 
13/12/2013  0      3.1    20     8 
14/12/2013  0      3      25     6 
15/12/2013  0      3.8    24     7 
16/12/2013  0      3.7    22     8 
17/12/2013  0      3.8    25     6 
18/12/2013  0      3.7    26     7 
19/12/2013  0      4      20     6 
20/12/2013  0      3.2    24     6 
21/12/2013  0      3.4    23     7 
22/12/2013  0      2.9    24     8 
23/12/2013  0      3.2    26     7 
24/12/2013  0      3.3    20     7 
25/12/2013  20     3      24     7 
26/12/2013  20.5   3.1    19     9 
27/12/2013  29     3      21     9 
28/12/2013  5      3.2    15     9 
29/12/2013  15     2.7    16     10 
30/12/2013  0      2.8    17     12 
31/12/2013  8      1.9    13.5   12 
01/01/2014  0      2.3    14     10 
02/01/2014  0      2.4    23     8 
03/01/2014  0      2.5    22     8 
04/01/2014  0      2.1    22     6 
05/01/2014  0      2.3    20     6 
06/01/2014  0      2.3    20     6 
07/01/2014  0      2.8    24     10 
08/01/2014  0      2.2    24     10 
09/01/2014  0      2.7    20     4 
10/01/2014  0      3      24     4 
11/01/2014  0      3      21     4 
12/01/2014  0.5    2.8    19     10 
13/01/2014  0      2.9    22     5 
14/01/2014  0      3      23     4 
15/01/2014  0      2.6    23     4 
16/01/2014  0      3      19     6 
17/01/2014  0      3.1    21     3 
18/01/2014  0      3.3    23     3 
19/01/2014  0      2.8    24     5 
20/01/2014  0      2.9    25     6 
21/01/2014  0      3      26     5 
22/01/2014  0      3.1    26     5 
23/01/2014  0      3.6    27     7 
24/01/2014  0      3.8    25     7 
25/01/2014  0      3.6    27     8 
26/01/2014  0      4      27     7 
27/01/2014  0      3.8    27     7 
28/01/2014  0      3.8    19     7 
29/01/2014  0      4      20     4 
30/01/2014  0      3.9    20     4 
31/01/2014  0      3.8    25     5 
01/02/2014  0      3      25     6 
02/02/2014  0      3.2    26     6 
03/02/2014  0      3.5    27     6 
04/02/2014  0      3.4    27     7 
05/02/2014  0      3.9    28     6 
06/02/2014  0      3.8    27     6 
07/02/2014  0      3.8    25     6 
08/02/2014  0      3.7    27     6 
09/02/2014  0      3.9    28     5 
10/02/2014  0      3.8    26     5 
11/02/2014  0      3.8    27     4 
12/02/2014  0      4      26     4 
13/02/2014  0      4.8    24     4 
14/02/2014  0      5      23     4 
15/02/2014  0      5.5    28     6 
16/02/2014  0      4.6    29     5 
17/02/2014  0      5.4    30     7 
18/02/2014  0      4.7    28     7 
19/02/2014  0      5.1    28     8 
20/02/2014  0      4.8    27     8 
21/02/2014  0      5.4    28     6 
22/02/2014  0      4.9    28     7 
23/02/2014  0      4.6    28     8 
24/02/2014  0      4.8    28     8 
25/02/2014  0      4.7    28     8 
26/02/2014  0      4.8    28     8 
27/02/2014  0      5.9    28     8 
28/02/2014  0      5.3    28     7 
01/03/2014  0      6.1    30     7 
02/03/2014  0      5.8    31     8 
03/03/2014  0      5.7    30     8 
04/03/2014  0      5.5    30     8 
05/03/2014  0      4.7    28     9 
06/03/2014  0      5.4    29     7 
07/03/2014  0      5      27     7 
08/03/2014  0      5.4    26     8 
09/03/2014  0      4.9    27     10 
10/03/2014  0      5.3    25     10 
11/03/2014  0      6.5    27     5 
12/03/2014  0      5.7    28     5 
13/03/2014  0      5.5    30     6 
14/03/2014  0      6.4    30     7 
15/03/2014  0      5.6    28     8 
16/03/2014  0      6.4    28     7 
17/03/2014  0      7.7    28     7 
18/03/2014  0      6.8    27     8 
19/03/2014  0      6.4    28     5 
20/03/2014  0      5.8    30     7 
21/03/2014  0      6.5    31     7 
22/03/2014  0      6.5    31     12 
23/03/2014  0      7.2    33     10 
24/03/2014  0      6.3    31     10 
25/03/2014  0      7.6    31     9 
26/03/2014  0      7.9    31     10 
27/03/2014  0      7.9    31     10 
28/03/2014  0      7.1    30     10 
29/03/2014  0      6.9    31     10 
30/03/2014  0      6.1    30     11 
31/03/2014  0      6.5    30     10 
01/04/2014  0      6.1    31     10 
02/04/2014  0      6.9    32     9 
03/04/2014  0      6.9    31     9 
04/04/2014  0      6.1    31     8 
05/04/2014  0      6.8    31     7 
06/04/2014  0      7.4    31     8 
07/04/2014  0      8.5    31     9 
08/04/2014  0      7.1    29     9 
09/04/2014  0      8      29     12 
10/04/2014  0      8.8    32     11 
11/04/2014  0      8.5    32     11 
12/04/2014  0      8.2    32     11 
13/04/2014  0      8.8    33     12 
14/04/2014  0      8.6    32     11 
15/04/2014  0      7.9    33     10 
16/04/2014  0      7.9    32     10 
17/04/2014  0      8.9    33     10 
18/04/2014  0      9.3    32     11 
19/04/2014  0      8.1    31     12 
20/04/2014  0      7.9    32     12 
21/04/2014  0      9.4    32     12 
22/04/2014  0      9.7    33     12 
23/04/2014  0      8.9    32     12 
24/04/2014  0      8.9    32     11 
25/04/2014  0      8.8    31     12 
26/04/2014  0      8.6    31     13 
27/04/2014  0      7.8    31     13 
28/04/2014  0      8.1    31     11 
29/04/2014  0      8.7    32     11 
30/04/2014  0      8.2    32     12 
01/05/2014  0      8.1    33     11 
02/05/2014  0.3    1.2    31     12 
03/05/2014  0      8.2    32     12 
04/05/2014  0      8.4    32     13 
05/05/2014  0      8.3    32     14 
06/05/2014  0      8.7    32     14 
07/05/2014  3      5.3    32     15 
08/05/2014  0      7.6    31     16 
09/05/2014  0      6.5    32     16 
10/05/2014  0      7.3    33     17 
11/05/2014  0      7.9    33     17 
12/05/2014  0      8.5    33     17 
13/05/2014  0      8.2    33     16 
14/05/2014  0      8      33     16 
15/05/2014  0      8.1    32     16 
16/05/2014  10     8      31     16 
17/05/2014  0      7.3    32     12 
18/05/2014  6      6.8    32     12 
19/05/2014  0      7.8    32     14 
20/05/2014  0      8.6    33     14 
21/05/2014  0      8.2    32     15 
22/05/2014  0      7.3    29     15 
23/05/2014  0      6.8    32     16 
24/05/2014  0      6.2    31     15 
25/05/2014  0      6.9    31     15 
26/05/2014  6      5.8    31     16 
27/05/2014  42     6.3    30     16 
28/05/2014  0      6      28     16 
29/05/2014  0      4.3    26     16 
30/05/2014  0      5      30     16 
31/05/2014  0      4.9    31     17 
01/06/2014  0      7      32     18 
02/06/2014  0      6.4    33     18 
03/06/2014  0      7.4    32     19 
04/06/2014  13     8.3    32     17 
05/06/2014  0      6.4    31     16 
06/06/2014  18     6.3    31     16 
07/06/2014  16     5.9    30     16 
08/06/2014  7      6      29     17 
09/06/2014  38     3.9    29     18 
10/06/2014  0      6.8    30     16 
11/06/2014  0      7      30     17 
12/06/2014  0      7.8    31     19 
13/06/2014  0      7.5    31     19 
14/06/2014  18     8.1    31     19 
15/06/2014  6      7.7    31     17 
16/06/2014  0      7.1    31     17 
17/06/2014  1.2    7.2    30     17 
18/06/2014  0      5.3    30     17 
19/06/2014  4.5    5.8    28     17 
20/06/2014  0      5.9    28     17 
21/06/2014  0      5.9    28     16 
22/06/2014  0      4.5    28     17 
23/06/2014  2      3.6    27     17 
24/06/2014  22     4.3    27     17 
25/06/2014  0      4.5    27     16 
26/06/2014  5      4      27     17 
27/06/2014  0      4.1    25     17 
28/06/2014  0      3.5    24     17 
29/06/2014  22     4      27     17 
30/06/2014  0      3.2    27     16 
01/07/2014  0      3.6    26     16 
02/07/2014  1.2    3.5    26     16 
03/07/2014  1.8    3.4    26     16 
04/07/2014  8      2.9    26     16 
05/07/2014  0      5.2    28     16 
06/07/2014  10     4      27     17 
07/07/2014  0      4.1    26     16 
08/07/2014  0      6.5    27     16 
09/07/2014  0      6.5    27     16 
10/07/2014  0      7      29     17 
11/07/2014  28.5   4.6    29     16 
12/07/2014  2.5    4.2    27     16 
13/07/2014  0      4.3    28     15 
14/07/2014  36     5.2    28     15 
15/07/2014  0      5.4    28     15 
16/07/2014  10     5.5    27     15 
17/07/2014  2      4      28     15 
18/07/2014  28     3.9    27     16 
19/07/2014  0      3.8    27     17 
20/07/2014  0      6      28     17 
21/07/2014  0      6.4    29     17 
22/07/2014  0      6.9    29     17 
23/07/2014  0      7.4    30     18 
24/07/2014  1      5.9    28     17 
25/07/2014  16     5.6    28     16 
26/07/2014  0      4.8    28     15 
27/07/2014  28     4.5    28     15 
28/07/2014  3      3.6    28     15 
29/07/2014  0      4.4    28     15 
30/07/2014  0      4.8    29     15 
31/07/2014  0      0.3    27     17 
01/08/2014  0      4.3    28     17 
02/08/2014  0      7      30     16 
03/08/2014  0      7.9    30     17 
04/08/2014  5      5.2    29     16 
05/08/2014  17     6.1    30     16 
06/08/2014  2      6.1    28     15 
07/08/2014  0      5.9    28     16 
08/08/2014  17     5.1    29     16 
09/08/2014  0      5.3    28     15 
10/08/2014  13     6.9    29     15 
11/08/2014  25     5.6    28     16 
12/08/2014  23     6.4    28     15 
13/08/2014  0      5.5    28     16 
14/08/2014  8      5.7    27     15 
15/08/2014  24     5.8    28     15 
16/08/2014  2.7    4.9    28     15 
17/08/2014  11     5      28     15 
18/08/2014  4      5.6    28     15 
19/08/2014  0      5.1    28     16 
20/08/2014  0      5.9    27     17 
21/08/2014  4.3    5.8    28     17 
22/08/2014  4      6.3    26     16 
23/08/2014  14     4.2    28     16 
24/08/2014  3.5    5.6    27     16 
25/08/2014  0      6      27     16 
26/08/2014  0      6.2    29     16 
27/08/2014  0      4.7    30     17 
28/08/2014  0      4.6    30     18 
29/08/2014  36     5.9    30     18 
30/08/2014  7      5.4    30     17 
31/08/2014  32     5.5    30     17 
01/09/2014  0      5.6    28     16 
02/09/2014  0      4.2    26     17 
03/09/2014  0      4.5    26     15 
04/09/2014  0      4.2    25     16 
05/09/2014  45     4.5    27     17 
06/09/2014  10     4.1    26     16 
07/09/2014  12     4.8    27     16 
08/09/2014  0      5.2    27     15 
09/09/2014  0      6      27     15 
10/09/2014  12     4.6    28     15 
11/09/2014  2      5.6    27     16 
12/09/2014  0      4.9    27     15 
13/09/2014  4      4.4    25     16 
14/09/2014  0      3.4    24     16 
15/09/2014  3      4.1    23     16 
16/09/2014  4.5    4      27     15 
17/09/2014  5      4      27     16 
18/09/2014  0      3.8    27     16 
19/09/2014  0      3.1    21     16 
20/09/2014  0      3.3    24     12 
21/09/2014  1.5    5.1    27     12 
22/09/2014  12     3      27     13 
23/09/2014  12     5.8    27     16 
24/09/2014  1.8    4.3    27     17 
25/09/2014  0      4      27     17 
26/09/2014  0      5.3    28     16 
27/09/2014  0      4.9    27     17 
28/09/2014  0      4.7    28     16 
29/09/2014  10     3.2    28     17 
30/09/2014  6      4      27     17 
01/10/2014  4.5    4.3    26     16 
02/10/2014  1.5    2.6    27     17 
03/10/2014  0      3.1    26     17 
04/10/2014  20     3.3    26     16 
05/10/2014  0      3.3    27     17 
06/10/2014  0      4      25     17 
07/10/2014  0      4.6    28     17 
08/10/2014  0      4.5    27     17 
09/10/2014  0      5.1    27     15 
10/10/2014  0      5.3    28     16 
11/10/2014  0      5.1    27     16 
12/10/2014  0      4.2    27     16 
13/10/2014  0      5.5    27     16 
14/10/2014  0      5.2    27     17 
15/10/2014  0      5.2    27     15 
16/10/2014  0      4.2    27     16 
17/10/2014  0      5.1    28     16 
18/10/2014  0      4.2    28     16 
19/10/2014  6      5.3    28     16 
20/10/2014  1.5    4.4    24     16 
21/10/2014  0      5.9    27     16 
22/10/2014  0      5      27     16 
23/10/2014  0      4.7    29     16 
24/10/2014  0      5.2    28     16 
25/10/2014  0      5      27     16 
26/10/2014  0      5.4    27     13 
27/10/2014  0      5.8    27     13 
28/10/2014  0      5.3    27     13 
29/10/2014  0      4.7    27     13 
30/10/2014  0      5.6    28     14 
31/10/2014  0      4.2    27     15 
01/11/2014  0      4      24     13 
02/11/2014  0      3      25     12 
03/11/2014  0      3.1    27     12 
04/11/2014  9      3.2    26     13 
05/11/2014  5      3.7    27     15 
06/11/2014  0      3      25     14 
07/11/2014  0      2.7    26     13 
08/11/2014  0      3      25     14 
09/11/2014  0      4.1    22     12 
10/11/2014  12     4.1    22     12 
11/11/2014  26     3.2    22     12 
12/11/2014  0      3.2    24     12 
13/11/2014  0      3.4    25     13 
14/11/2014  0      3.3    25     13 
15/11/2014  0      3      22     13 
16/11/2014  0      3.7    20     9 
17/11/2014  0      4      22     7 
18/11/2014  0      3.7    20     7 
19/11/2014  0      3.5    20     7 
20/11/2014  0      3      22     7 
21/11/2014  0      2.5    20     8 
22/11/2014  0      2.6    22     11 
23/11/2014  0      3.2    22     11 
24/11/2014  0      3.7    23     8 
25/11/2014  0      3.1    23     9 
26/11/2014  0      3.8    23     4 
27/11/2014  0      2.6    23     4 
28/11/2014  0      3.9    22     4 
29/11/2014  0      3.6    22     5 
30/11/2014  0      3.6    22     4 
01/12/2014  0      4.1    22     4 
02/12/2014  0      3.1    25     5 
03/12/2014  0      2.4    25     5 
04/12/2014  0      3.2    26     7 
05/12/2014  0      3.4    26     7 
06/12/2014  0      3.4    27     7 
07/12/2014  0      3      26     7 
08/12/2014  0      3      25     7 
09/12/2014  0      3.1    26     8 
10/12/2014  0      3      19     8 
11/12/2014  0      3      21     9 
12/12/2014  0      2.5    23     10 
13/12/2014  0      2.4    22     12 
14/12/2014  0      3.2    22     10 
15/12/2014  0      2.3    20     11 
16/12/2014  0      2.2    21     10 
17/12/2014  0      1.8    21     11 
18/12/2014  0      2.5    20     10 
19/12/2014  0      2.6    19     7 
20/12/2014  0      3      20     6 
21/12/2014  0      3.5    20     7 
22/12/2014  0      3.5    19     5 
23/12/2014  0      3.7    23     5 
24/12/2014  0      3.8    23     7 
25/12/2014  0      3.2    22     7 
26/12/2014  0      3.2    22     5 
27/12/2014  5      2.9    20     6 
28/12/2014  0      2.6    18     10 
29/12/2014  0      2.8    21     7 
30/12/2014  0      2.9    22     7 
31/12/2014  0      3.2    22     7 
01/01/2015  0      4      21     8 
02/01/2015  0      3.3    22     7 
03/01/2015  0      2.9    22     6 
04/01/2015  0      3      22     6 
05/01/2015  0      2.3    18     11 
06/01/2015  0      3.3    23     9 
07/01/2015  0      2.6    21     9 
08/01/2015  0      2.7    22     13 
09/01/2015  0      2.9    19     8 
10/01/2015  0      3.8    23     7 
11/01/2015  0      3.1    20     5 
12/01/2015  0      3      20     5 
13/01/2015  0      3.1    20     4 
14/01/2015  0      3.3    21     7 
15/01/2015  0      3.3    22     6 
16/01/2015  0      3.6    23     6 
17/01/2015  0      3.7    22     7 
18/01/2015  0      4.8    22     8 
19/01/2015  0      3.1    21     6 
20/01/2015  0      4      22     9 
21/01/2015  0      4      20     10 
22/01/2015  0      5      23     6 
23/01/2015  0      4.1    21     7 
24/01/2015  0      3.9    22     10 
25/01/2015  0      3      18     8 
26/01/2015  0      4      20     11 
27/01/2015  0      4.1    19     9 
28/01/2015  0      2.1    22     6 
29/01/2015  0      4.9    21     6 
30/01/2015  0      3      23     8 
31/01/2015  0      2.1    20     10 
01/02/2015  0      2      22     8 
02/02/2015  0      4.9    21     9 
03/02/2015  0      1.9    18     7 
04/02/2015  0      4.8    22     6 
05/02/2015  0      3.2    23     8 
06/02/2015  0      3      20     10 
07/02/2015  0      2.3    19     8 
08/02/2015  0      4.2    23     11 
09/02/2015  0      4.2    22     9 
10/02/2015  0      3.8    23     7 
11/02/2015  0      4.3    21     6 
12/02/2015  0      2.9    20     10 
13/02/2015  0      1.3    22     11 
14/02/2015  0      3.3    23     8 
15/02/2015  0      2      22     7 
16/02/2015  0      1.8    22     8 
17/02/2015  0      3.6    21     11 
18/02/2015  0      4.1    23     8 
19/02/2015  0      4.6    19     7 
20/02/2015  0      4.4    24     10 
21/02/2015  0      3.5    22     13 
22/02/2015  0      4.3    21     10 
23/02/2015  0      4.2    23     11 
24/02/2015  0      5.1    24     12 
25/02/2015  0      2.7    22     9 
26/02/2015  0      3.2    24     10 
27/02/2015  0      3.1    23     12 
28/02/2015  0      3.6    23     14 
01/03/2015  0      4.3    22     10 
02/03/2015  0      3.5    22     13 
03/03/2015  0      3.9    24     9 
04/03/2015  0      3.4    25     10 
05/03/2015  0      3.6    25     7 
06/03/2015  0      4.5    22     12 
07/03/2015  0      3.1    21     13 
08/03/2015  0      4.5    24     13 
09/03/2015  0      2.3    22     7 
10/03/2015  0      1.4    21     8 
11/03/2015  0      4      25     10 
12/03/2015  0      3.7    23     6 
13/03/2015  25.2  Nulo    20     9 
14/03/2015  55.3  Nulo    21     8 
15/03/2015  55.3  Nulo    22     5 
16/03/2015  30.1  Nulo    20     7 
17/03/2015  0     Nulo    22     6 
18/03/2015  0      3.5    21     9 
19/03/2015  0      2.8    24     10 
20/03/2015  0      2.7    22     8 
21/03/2015  0      4.4    22     12 
22/03/2015  0      2.6    24     14 
23/03/2015  0      4.6    23     16 
24/03/2015  0      4.4    21     15 
25/03/2015  0      4.6    23     14 
26/03/2015  0      3.7    24     16 
27/03/2015  0      3.5    26     18 
28/03/2015  0      4.2    25     17 
29/03/2015  0      4.2    26     18 
30/03/2015  0      4.9    25     18 
31/03/2015  0      3.2    25     19 
01/04/2015  0      4.8    26     18 
02/04/2015  0      4.3    25     16 
03/04/2015  0      3.4    26     18 
04/04/2015  0      4.5    25     15 
05/04/2015  0      3.8    27     18 
06/04/2015  0      4.2    26     17 
07/04/2015  0      3.5    24     16 
08/04/2015  0      4.3    25     16 
09/04/2015  0      2.4    24     16 
10/04/2015  9      13.4   25     17 
11/04/2015  0      4.2    24     17 
12/04/2015  0      4.7    26     18 
13/04/2015  0      3.6    24     17 
14/04/2015  0      3.9    25     16 
15/04/2015  0      4.5    26     15 
16/04/2015  0      3.6    24     17 
17/04/2015  0      3.9    25     14 
18/04/2015  0      4.2    23     16 
19/04/2015  0      3.3    24     14 
20/04/2015  0      4.3    22     17 
21/04/2015  0      3.8    25     15 
22/04/2015  0      4.2    23     18 
23/04/2015  0      4.4    22     16 
24/04/2015  0      3.7    24     15 
25/04/2015  0      3.5    23     17 
26/04/2015  0      4.1    21     15 
27/04/2015  0      4      25     16 
28/04/2015  0      3.2    22     17 
29/04/2015  0      3.2    23     15 
30/04/2015  0      3.9    23     16 
01/05/2015  0      4.4    25     18 
02/05/2015  0      3.7    22     17 
03/05/2015  0      4.3    23     15 
04/05/2015  0      4.7    24     17 
05/05/2015  0      3.8    22     18 
06/05/2015  0      4.5    22     17 
07/05/2015  0      4.7    24     14 
08/05/2015  0      4.6    21     18 
09/05/2015  0      3.7    23     15 
10/05/2015  0      5      22     17 
11/05/2015  0      4.4    25     16 
12/05/2015  0      3.7    22     18 
13/05/2015  0      4      23     16 
14/05/2015  0      3.8    21     17 
15/05/2015  0      3.5    24     15 
16/05/2015  0      4.7    20     18 
17/05/2015  0      4.6    22     14 
18/05/2015  0      4.3    21     18 
19/05/2015  0      3.3    22     16 
20/05/2015  0      3.9    24     17 
21/05/2015  0      3.2    23     18 
22/05/2015  0      3      22     16 
23/05/2015  0      4.3    25     17 
24/05/2015  0      3.7    22     18 
25/05/2015  0      2.9    21     16 
26/05/2015  0      4.2    23     15 
27/05/2015  0      4.9    22     14 
28/05/2015  0      4.3    25     17 
29/05/2015  0      3.3    21     18 
30/05/2015  0      3.8    22     15 
31/05/2015  20     3.7    23     16 
01/06/2015  0      4.8    22     16 
02/06/2015  0      4.1    23     15 
03/06/2015  0      4.1    22     16 
04/06/2015  5      9.2    21     17 
05/06/2015  0      4.3    22     15 
06/06/2015  0      4      23     13 
07/06/2015  0      3.1    22     16 
08/06/2015  0      3.5    21     18 
09/06/2015  0      2.4    22     16 
10/06/2015  0      3.8    21     15 
11/06/2015  42     4.1    23     17 
12/06/2015  19     3      22     15 
13/06/2015  28     3.1    21     14 
14/06/2015  2      5.9    22     15 
15/06/2015  30     3.1    21     16 
16/06/2015  0      4.1    23     15 
17/06/2015  0      3.3    21     17 
18/06/2015  0      2.4    22     15 
19/06/2015  0      3.8    21     16 
20/06/2015  0      3.4    23     14 
21/06/2015  0      4.2    22     17 
22/06/2015  0      3.7    21     15 
23/06/2015  97     3.7    22     16 
24/06/2015  13     4.6    21     17 
25/06/2015  0      3.9    20.5   15 
26/06/2015  0      4      21     12.5 
27/06/2015  0      3.2    22     16 
28/06/2015  8      3.9    23     17 
29/06/2015  0      4.1    21     14 
30/06/2015  0      4      21     16 
01/07/2015  0      2.3    23     16 
02/07/2015  0      4      22     17 
03/07/2015  0      3.1    23     15 
04/07/2015  0      4.2    21     16 
05/07/2015  0      3.8    22     15 
06/07/2015  6      3.1    21     17 
07/07/2015  2      4.8    23     14 
08/07/2015  27     3.2    22     17 
09/07/2015  37     3.4    23     16 
10/07/2015  0      4.1    21     14 
11/07/2015  0      3.1    22     15 
12/07/2015  0      3.7    21     17 
13/07/2015  0      4.2    23     16 
14/07/2015  0      3.8    22     15 
15/07/2015  0      4      21     15 
16/07/2015  7      3.2    20     17 
17/07/2015  16     3.6    22     16 
18/07/2015  6      4.2    21     15 
19/07/2015  39     3.3    23     14 
20/07/2015  0      2.3    22     17 
21/07/2015  7      3      23     16 
22/07/2015  43     3      20     17 
23/07/2015  0      2.8    21     15 
24/07/2015  0      4      22     16 
25/07/2015  8      3.1    22     17 
26/07/2015  0      3      21     16 
27/07/2015  0      3.9    23     15 
28/07/2015  0      3.4    22     17 
29/07/2015  0      3.9    21     14 
30/07/2015  0      3.7    22     17 
31/07/2015  0      3.2    22     14 
01/08/2015  0      3.4    21     16 
02/08/2015  0      3.1    21     14 
03/08/2015  33     2.8    22     15 
04/08/2015  28     3.1    21     16 
05/08/2015  24     3.1    21     15 
06/08/2015  14     2.2    22     14 
07/08/2015  0      2.6    23     15 
08/08/2015  6      3.1    21     16 
09/08/2015  0      3.3    22     14 
10/08/2015  0      3.1    21     15 
11/08/2015  0      2.4    23     14 
12/08/2015  0      3.1    21     16 
13/08/2015  0      3.1    22     14 
14/08/2015  0      3.1    21     16 
15/08/2015  0      4.3    23     15 
16/08/2015  0      3      22     16 
17/08/2015  0      3.2    21     14 
18/08/2015  0      3.1    22     15 
19/08/2015  0      2.9    20     16 
20/08/2015  0      4.7    22     14 
21/08/2015  40     3.1    22     17 
22/08/2015  0      4      21     16 
23/08/2015  0      3.1    23     14 
24/08/2015  0      3      22     15 
25/08/2015  0      4.2    21     16 
26/08/2015  0      3.8    22     14 
27/08/2015  0      2.3    21     15 
28/08/2015  0      4.1    23     16 
29/08/2015  0      2.7    21     17 
30/08/2015  4      7.3    20     15 
31/08/2015  0      3.1    21     14 
01/09/2015  0      4.2    20     16 
02/09/2015  0      3      22     14 
03/09/2015  0      3.1    21     17 
04/09/2015  20     3.1    22     13 
05/09/2015  0      3.3    20     16 
06/09/2015  0      3.3    23     14 
07/09/2015  0      4.7    20     16 
08/09/2015  0      3.6    21     15 
09/09/2015  0      4.1    22     13 
10/09/2015  6.5    3.8    22     16 
11/09/2015  5      4.1    21     14 
12/09/2015  0      3.3    20     15 
13/09/2015  24     3.7    21     16 
14/09/2015  0      2.9    20     14 
15/09/2015  0      4      22     15 
16/09/2015  0      3.3    21     16 
17/09/2015  0      3.2    20     15 
18/09/2015  0      4.8    22     14 
19/09/2015  0      3.9    20     17 
20/09/2015  8      3.1    22     15 
21/09/2015  0      4.3    21     17 
22/09/2015  0      3.1    22     16 
23/09/2015  16     3.6    22     15 
24/09/2015  0      4.8    21     17 
25/09/2015  0      4.1    20     16 
26/09/2015  0      4      22     14 
27/09/2015  0      4      21     17 
28/09/2015  0      3      20     16 
29/09/2015  0      2.3    22     15 
30/09/2015  0      4.9    21     17 
01/10/2015  0      3      21     14 
02/10/2015  0      4      20     15 
03/10/2015  0      3.1    22     14 
04/10/2015  0      4.1    21     16 
05/10/2015  0      4.7    20     15 
06/10/2015  0      4.1    21     17 
07/10/2015  0      3.1    22     14 
08/10/2015  0      3.9    23     16 
09/10/2015  0      4.1    20     17 
10/10/2015  0      4.1    21     14 
11/10/2015  0      4.1    20     16 
12/10/2015  0      3.3    22     16 
13/10/2015  0      4.9    20     15 
14/10/2015  0      4.1    21     16 
15/10/2015  0      4      22     14 
16/10/2015  0      4.1    21     16 
17/10/2015  0      4.1    20     15 
18/10/2015  0      3.9    22     14 
19/10/2015  0      4.1    21     16 
20/10/2015  0      4.1    22     15 
21/10/2015  0      4      20     16 
22/10/2015  60     4      20     14 
23/10/2015  67     2.3    21     13 
24/10/2015  0      3      20     14 
25/10/2015  0      3.2    21     13 
26/10/2015  0      4.8    20     16 
27/10/2015  0      4.2    22     14 
28/10/2015  40     3.2    21     16 
29/10/2015  32     3.6    20     13 
30/10/2015  0      3      21     12 
31/10/2015  0      2.9    21     13 
01/11/2015  0      3.2    22     14 
02/11/2015  0      4      23     15 
03/11/2015  0      4.2    21     17 
04/11/2015  0      3.2    20     14 
05/11/2015  0      4.1    21     16 
06/11/2015  0      3.9    20     14 
07/11/2015  0      4.1    21     13 
08/11/2015  0      4      22     15 
09/11/2015  0      4      23     16 
10/11/2015  0      4.1    22     13 
11/11/2015  0      4.1    23     14 
12/11/2015  0      3.9    20     16 
13/11/2015  0      4      21     13 
14/11/2015  0      4.1    22     14 
15/11/2015  0      4.1    20     16 
16/11/2015  0      2.2    22     13 
17/11/2015  0      3      20     16 
18/11/2015  0      3      21     14 
19/11/2015  0      3.1    22     13 
20/11/2015  0      4.1    20     16 
21/11/2015  0      2      21     15 
22/11/2015  0      3      23     14 
23/11/2015  0      4      21     16 
24/11/2015  0      4      20     13 
25/11/2015  0      2.8    21     15 
26/11/2015  0      4.1    20     13 
27/11/2015  0      3.1    21     14 
28/11/2015  0      3      22     15 
29/11/2015  0      4.2    20     16 
30/11/2015  0      3      22     13 
01/12/2015  0      3      22     14 
02/12/2015  0      2.9    21     15 
03/12/2015  0      4      20     16 
04/12/2015  0      3      21     14 
05/12/2015  0      4.1    22     13 
06/12/2015  0      3.1    21     16 
07/12/2015  0      4.1    20     15 
08/12/2015  0      2      21     14 
09/12/2015  0      4      22     13 
10/12/2015  77.3   2.7    20     16 
11/12/2015  0      2.2    20     15 
12/12/2015  0      4.1    21     13 
13/12/2015  0      2      20     15 
14/12/2015  0      3.1    21     14 
15/12/2015  0      3      20     10 
16/12/2015  0      3      21     13 
17/12/2015  0      3.1    20     11 
18/12/2015  0      4.2    20     12 
19/12/2015  0      2.8    21     10 
20/12/2015  0      4      22     11 
21/12/2015  0      3.9    20     13 
22/12/2015  0      2.9    21     12 
23/12/2015  0      2.9    20     11 
24/12/2015  0      3      20     12 
25/12/2015  0      3.2    21     13 
26/12/2015  0      4.1    20     14 
27/12/2015  0      3      21     13 
28/12/2015  0      3.1    22     10 
29/12/2015  0      4      20     11 
30/12/2015  0      3      21     9 
31/12/2015  0      3.8    20     10 
01/01/2016  0      3      20     11 
02/01/2016  0      4.1    21     9 
03/01/2016  0      3      20     10 
04/01/2016  0      3.1    21     8 
05/01/2016  0      3.9    20     9 
06/01/2016  0      4.1    21     10 
07/01/2016  0      4.1    20     9 
08/01/2016  0      2.2    21     8 
09/01/2016  0      4.1    22     9 
10/01/2016  0      2.1    21     8 
11/01/2016  0      4      22     7 
12/01/2016  0      3      21     6 
13/01/2016  0      4.1    20     7 
14/01/2016  0      3.9    20     5 
15/01/2016  0      3.1    21     4.5 
16/01/2016  0      3.1    20     5 
17/01/2016  0      2.9    20     6 
18/01/2016  0      3      21     3 
19/01/2016  0      4.1    20     4 
20/01/2016  0      3      22     4 
21/01/2016  0      2.2    20     2 
22/01/2016  0      3      21     3 
23/01/2016  0      2      20     1 
24/01/2016  0      3      19     2 
25/01/2016  0      3      20     5 
26/01/2016  0      4      21     3 
27/01/2016  0      3      20     2 
28/01/2016  0      4      20     1 
29/01/2016  0      4      21     2 
30/01/2016  0      2.9    21     4 
31/01/2016  0      4      20     5 
01/02/2016  0      2.2    22     6 
02/02/2016  0      4.1    21     15 
03/02/2016  0      3      22     16 
04/02/2016  0      4      21     17 
05/02/2016  0      4.1    20     18 
06/02/2016  0      3      22     14 
07/02/2016  0      3.1    21     15 
08/02/2016  0      4      23     14 
09/02/2016  0      2.8    21     15 
10/02/2016  0      3      20     17 
11/02/2016  0      4.1    22     15 
12/02/2016  0      3.1    25     16 
13/02/2016  0      4.1    21     16 
14/02/2016  0      3      22     15 
15/02/2016  0      3      21     16 
16/02/2016  0      3.2    22     18 
17/02/2016  0      4      20     16 
18/02/2016  0      4      22     14 
19/02/2016  0      4      21     15 
20/02/2016  0      3      22     15 
21/02/2016  0      4      21     16 
22/02/2016  0      4      20     17 
23/02/2016  0      3      23     14 
24/02/2016  0      4      22     15 
25/02/2016  0      4      21     17 
26/02/2016  0      4.1    22     14 
27/02/2016  0      3.2    23     15 
28/02/2016  0      4      21     17 
29/02/2016  0      4.1    22     14 
01/03/2016  0      4      21     16 
02/03/2016  0      3      22     15 
03/03/2016  0      4.1    21     16 
04/03/2016  0      3      20     17 
05/03/2016  0      3.1    21     14 
06/03/2016  0      4.1    20     13 
07/03/2016  7      3      20     11 
08/03/2016  16     4      19     0 
09/03/2016  5      2.2    21    -2 
10/03/2016  0      3      20     0 
11/03/2016  0      3      22     5 
12/03/2016  0      3      21     8 
13/03/2016  0      2.9    23     15 
14/03/2016  0      3      21     17 
15/03/2016  0      3      22     17 
16/03/2016  0      4      21     15 
17/03/2016  0      4      23     14 
18/03/2016  0      4      20     15 
19/03/2016  0      3.9    21     16 
20/03/2016  0      4      22     17 
21/03/2016  0      4      22     14 
22/03/2016  0      3.2    21     15 
23/03/2016  0      4      23     14 
24/03/2016  0      3      21     15 
25/03/2016  0      4      20     14 
26/03/2016  0      3      22     15 
27/03/2016  0      3.9    21     16 
28/03/2016  0      3      25     14 
29/03/2016  0      3      20     15 
30/03/2016  0      4      20     14 
31/03/2016  0      3.5    20     14 
01/04/2016  0      4.2    31     5 
02/04/2016  0      4      29     6 
03/04/2016  0      3      30     6 
04/04/2016  0      4      28     7 
05/04/2016  0      3      30     5 
06/04/2016  0      4      29     6 
07/04/2016  0      3      30     7 
08/04/2016  0      3      28     8 
09/04/2016  0      3      30     8 
10/04/2016  0      4.1    28     7 
11/04/2016  0      4      29     8 
12/04/2016  0      3      30     8 
13/04/2016  0      3      28     7 
14/04/2016  0      4      29     8 
15/04/2016  0      3      30     8 
16/04/2016  0      2.8    29     5 
17/04/2016  0      2.2    30     8 
18/04/2016  0      4      29     8 
19/04/2016  0      4      30     7 
20/04/2016  0      3      28     7 
21/04/2016  0      4      29     8 
22/04/2016  0      3.9    30     6 
23/04/2016  0      4      30     5 
24/04/2016  0      4.1    29     7 
25/04/2016  0      3      28     7 
26/04/2016  0      4.1    28     7 
27/04/2016  0      4.1    29     8 
28/04/2016  0      4      28     6 
29/04/2016  0      3      29     7 
30/04/2016  0      4.1    29     6 
01/05/2016  0      3      21     15 
02/05/2016  0      4.1    22     13 
03/05/2016  0      3.9    21     16 
04/05/2016  0      3      23     14 
05/05/2016  0      3.2    21     15 
06/05/2016  0      3      20     16 
07/05/2016  0      3      23     14 
08/05/2016  0      4.1    22     17 
09/05/2016  0      3      21     16 
10/05/2016  0      4      22     15 
11/05/2016  25     3      20     16 
12/05/2016  0      3      22     14 
13/05/2016  0      3      23     15 
14/05/2016  0      4      20     16 
15/05/2016  0      3.1    24     14 
16/05/2016  0      3.7    21     17 
17/05/2016  0      3      22     14 
18/05/2016  0      4      23     15 
19/05/2016  0      3.1    22     16 
20/05/2016  0      3.2    21     15 
21/05/2016  0      3      23     14 
22/05/2016  0      3      22     15 
23/05/2016  0      3      23     16 
24/05/2016  0      4.1    21     15 
25/05/2016  0      4      22     14 
26/05/2016  0      3      21     16 
27/05/2016  0      3      22     15 
28/05/2016  0      3      23     14 
29/05/2016  0      4      21     16 
30/05/2016  0      3.1    23     15 
31/05/2016  0      4.2    22     17 
01/06/2016  0      3.2    24     15 
02/06/2016  0      3      23     15 
03/06/2016  0      3      25     17 
04/06/2016  0      4      27     16 
05/06/2016  0      4      26     17 
06/06/2016  0      3      28     16 
07/06/2016  0      4.1    27     17 
08/06/2016  0      3.9    26     16 
09/06/2016  0      4      29     17 
10/06/2016  0      3      28     16 
11/06/2016  0      4      27     17 
12/06/2016  12     4.1    29     18 
13/06/2016  0      3      28     16 
14/06/2016  36     4.2    29     17 
15/06/2016  7      3      27     18 
16/06/2016  0      3      29     17 
17/06/2016  10.3   4      28     18 
18/06/2016  8.3    4      29     16 
19/06/2016  24.4   3      22     17 
20/06/2016  11     3      23     15 
21/06/2016  15.5   4      22     16 
22/06/2016  7.3    3.1    21     17 
23/06/2016  44.6   3      22     15 
24/06/2016  0      4      20     16 
25/06/2016  0      3.1    21     16 
26/06/2016  0      3      22     16 
27/06/2016  0      3.1    20     15 
28/06/2016  26     2.2    23     16 
29/06/2016  9.7    4      20     15 
30/06/2016  0      3      22     16 
01/07/2016  20     3      22     13 
02/07/2016  0      3      21     14 
03/07/2016  11.4   3      22     14 
04/07/2016  9.3    4.1    20     15 
05/07/2016  0      2.9    21     14 
06/07/2016  15.5   3      22     15 
07/07/2016  0      2      22     16 
08/07/2016  0      3      21     17 
09/07/2016  0      3      22     15 
10/07/2016  17.6   3      20     16 
11/07/2016  28.3   3      21     14 
12/07/2016  0      3.1    20     15 
13/07/2016  15     3      21     14 
14/07/2016  0      2.2    22     15 
15/07/2016  0      3      21     16 
16/07/2016  0      3      21     15 
17/07/2016  0      3      22     14 
18/07/2016  36.3   4      21     15 
19/07/2016  0      4      22     15 
20/07/2016  16.2   3      21     16 
21/07/2016  0      4.1    22     14 
22/07/2016  0      3      21     13 
23/07/2016  0      2.9    22     14 
24/07/2016  0      3      21     14 
25/07/2016  0      3      20     15 
26/07/2016  0      4.1    20     13 
27/07/2016  12     4      21     14 
28/07/2016  53.3   3      22     15 
29/07/2016  0      2.2    21     14 
30/07/2016  23.3   4      20     13 
31/07/2016  0      4      22     14 
01/10/2016  0      2.2    29     8 
02/10/2016  0      4      30     7 
03/10/2016  0      3      28     8 
04/10/2016  15     4      29     6 
05/10/2016  0      5      30     7 
06/10/2016  0      3      29     6 
07/10/2016  11     3      28     7 
08/10/2016  0      3.9    29     9 
09/10/2016  0      4      30     8 
10/10/2016  23     4      29     10 
11/10/2016  0      4      28     8 
12/10/2016  0      4      29     9 
13/10/2016  0      3      31     10 
14/10/2016  7      3      30     8 
15/10/2016  0      4      29     8 
16/10/2016  0      3      28     9 
17/10/2016  10     3.2    30     8 
18/10/2016  0      4      29     11 
19/10/2016  25     3      30     8 
20/10/2016  0      4      29     10 
21/10/2016  11     3      30     8 
22/10/2016  0      4      29     7 
23/10/2016  3      3      30     8 
24/10/2016  0      4      29     10 
25/10/2016  17     3      28     8 
26/10/2016  0      4      30     7 
27/10/2016  15     4      29     8 
28/10/2016  6      3      30     9 
29/10/2016  0      3      29     10 
30/10/2016  0      3      30     8 
31/10/2016  0      3      30     10 
01/11/2016  0      3.2    30     4 
02/11/2016  0      4      28     6 
03/11/2016  0      3      29     5 
04/11/2016  11     3      28     4 
05/11/2016  0      4      30     6 
06/11/2016  0      3      29     4 
07/11/2016  0      4      28     7 
08/11/2016  0      3      29     4 
09/11/2016  0      4      28     5 
10/11/2016  8      3      29     6 
11/11/2016  0      3.8    30     4 
12/11/2016  0      3      28     7 
13/11/2016  0      4.9    29     3 
14/11/2016  0      3      28     3 
15/11/2016  0      3      30     2 
16/11/2016  0      3.2    29     5 
17/11/2016  0      4.1    29     4 
18/11/2016  0      4      28     6 
19/11/2016  0      3      29     4 
20/11/2016  0      3      30     3 
21/11/2016  0      4      29     5 
22/11/2016  0      3      30     5 
23/11/2016  0      4      28     7 
24/11/2016  0      3      29     4 
25/11/2016  0      3      28     6 
26/11/2016  0      3      28     3 
27/11/2016  0      3.7    29     2 
28/11/2016  0      4      30.5   4 
29/11/2016  0      3      28     6 
30/11/2016  0      0.3    28     5 
01/12/2016  0      3.2    28     5 
02/12/2016  0      3      29     4 
03/12/2016  0      4      28     6 
04/12/2016  0      4      29     3 
05/12/2016  0      3      28     5 
06/12/2016  0      4      29     4 
07/12/2016  0      4      28     6 
08/12/2016  0      4.1    29     5 
09/12/2016  0      4      28     2 
10/12/2016  0      3.8    28     5 
11/12/2016  0      4      29     3 
12/12/2016  0      3      29     2 
13/12/2016  0      4      28     4 
14/12/2016  0      3      26     4 
15/12/2016  0      4      27     1 
16/12/2016  0      3.2    26     3 
17/12/2016  0      4      26     5 
18/12/2016  0      3      26     6 
19/12/2016  0      4      27     4 
20/12/2016  0      4      26     6 
21/12/2016  0      3      26     4 
22/12/2016  0      4      26     2 
23/12/2016  0      4      26     4 
24/12/2016  0      4.1    22     4 
25/12/2016  0      4      26     6 
26/12/2016  0      3.7    26     2 
27/12/2016  0      3      26     1 
28/12/2016  0      4      26     2 
29/12/2016  0      4      26     4 
30/12/2016  0      3      26     6 
31/12/2016  0      4.2    26     2 
01/01/2017  0      2.2    27     18 
02/01/2017  0      4.1    29     19 
03/01/2017  0      3      26     18 
04/01/2017  0      3      27     17 
05/01/2017  0      3.9    25     18 
06/01/2017  0      4      26     19 
07/01/2017  0      3      24     17 
08/01/2017  0      3      26     18 
09/01/2017  0      3      29     17 
10/01/2017  0      4      24     18 
11/01/2017  0      3      26     16 
12/01/2017  0      3.9    25     17 
13/01/2017  0      3.2    24     16 
14/01/2017  0      4      29     17 
15/01/2017  0      3      28     18 
16/01/2017  0      4      25     16 
17/01/2017  0      3      28     19 
18/01/2017  0      4      24     16 
19/01/2017  0      4.1    27     18 
20/01/2017  0      2.9    28     17 
21/01/2017  0      4      29     18 
22/01/2017  0      3      28     18 
23/01/2017  0      4.1    27     17 
24/01/2017  0      3      29     16 
25/01/2017  0      4      25     17 
26/01/2017  0      2.2    26     18 
27/01/2017  0      4      29     17 
28/01/2017  0      4.1    28     18 
29/01/2017  0      4      29     17 
30/01/2017  0      4      28     16 
31/01/2017  0      4.1    28     17 
01/02/2017  0      2.8    27     17 
02/02/2017  0      4      26     16 
03/02/2017  0      4.1    28     17 
04/02/2017  0      3      25     16 
05/02/2017  0      3      26     17 
06/02/2017  0      4      24     17 
07/02/2017  0      4      28     16 
08/02/2017  0      2.2    23     17 
09/02/2017  0      4      25     17 
10/02/2017  0      3      28     18 
11/02/2017  0      3      27     16 
12/02/2017  0      4      26     17 
13/02/2017  0      4      24     16 
14/02/2017  0      3.1    29     17 
15/02/2017  0      4      27     17 
16/02/2017  0      2.9    28     16 
17/02/2017  0      3      23     17 
18/02/2017  0      3      28     16 
19/02/2017  0      3      28     16 
20/02/2017  0      3      27     17 
21/02/2017  0      2      25     18 
22/02/2017  0      3.2    26     17 
23/02/2017  0      4      24     18 
24/02/2017  0      4      28     17 
25/02/2017  0      3      27     18 
26/02/2017  0      3      24     16 
27/02/2017  0      3.9    29     17 
28/02/2017  0      3.1    24     16 
01/03/2017  0      3.1   Nulo   Nulo
02/03/2017  0      3     Nulo   Nulo
03/03/2017  0      3     Nulo   Nulo
04/03/2017  0      4.1   Nulo   Nulo
05/03/2017  0      3     Nulo   Nulo
06/03/2017  0      3     Nulo   Nulo
07/03/2017  0      4     Nulo   Nulo
08/03/2017  0      3     Nulo   Nulo
09/03/2017  0      3.2   Nulo   Nulo
10/03/2017  0      3     Nulo   Nulo
11/03/2017  0      4     Nulo   Nulo
12/03/2017  0      3     Nulo   Nulo
13/03/2017  0      4.1   Nulo   Nulo
14/03/2017  0      3     Nulo   Nulo
15/03/2017  0      3     Nulo   Nulo
16/03/2017  0      4     Nulo   Nulo
17/03/2017  0      3     Nulo   Nulo
18/03/2017  0      4     Nulo   Nulo
19/03/2017  0      3     Nulo   Nulo
20/03/2017  0      3     Nulo   Nulo
21/03/2017  0      4     Nulo   Nulo
22/03/2017  0      3     Nulo   Nulo
23/03/2017  0      2.2   Nulo   Nulo
24/03/2017  0      3     Nulo   Nulo
25/03/2017  0      3     Nulo   Nulo
26/03/2017  0      4     Nulo   Nulo
27/03/2017  0      2     Nulo   Nulo
28/03/2017  0      4     Nulo   Nulo
29/03/2017  0      3     Nulo   Nulo
30/03/2017  0      3.1   Nulo   Nulo
31/03/2017  0      4     Nulo   Nulo
01/04/2017  0      3      25     16 
02/04/2017  0      3      29     18 
03/04/2017  0      3      26     17 
04/04/2017  0      2.9    24     14 
05/04/2017  0      3      26     18 
06/04/2017  0      2.1    28     17 
07/04/2017  0      4      27     15 
08/04/2017  0      2.2    25     16 
09/04/2017  0      3      26     18 
10/04/2017  0      3      29     17 
11/04/2017  0      4      28     16 
12/04/2017  0      3      27     17 
13/04/2017  0      4      26     18 
14/04/2017  0      3      25     16 
15/04/2017  0      3      24     17 
16/04/2017  0      4      26     18 
17/04/2017  0      4      27     17 
18/04/2017  0      4      29     18 
19/04/2017  0      5      25     16 
20/04/2017  0      3      28     17 
21/04/2017  0      3      26     15 
22/04/2017  0      4.2    25     18 
23/04/2017  0      3      24     16 
24/04/2017  0      4      27     18 
25/04/2017  0      3      24     15 
26/04/2017  0      4      26     17 
27/04/2017  0      4      25     16 
28/04/2017  0      4      28     17 
29/04/2017  0      2.8    25     18 
30/04/2017  0      4      25     16 
01/05/2017  0      3     Nulo   Nulo
02/05/2017  0      4     Nulo   Nulo
03/05/2017  0      4     Nulo   Nulo
04/05/2017  0      3     Nulo   Nulo
05/05/2017  0      2.9   Nulo   Nulo
06/05/2017  0      4     Nulo   Nulo
07/05/2017  0      2.2   Nulo   Nulo
08/05/2017  0      3     Nulo   Nulo
09/05/2017  0      4     Nulo   Nulo
10/05/2017  0      3     Nulo   Nulo
11/05/2017  0      4     Nulo   Nulo
12/05/2017  0      3.9   Nulo   Nulo
13/05/2017  0      3     Nulo   Nulo
14/05/2017  0      4     Nulo   Nulo
15/05/2017  0      3     Nulo   Nulo
16/05/2017  0      3     Nulo   Nulo
17/05/2017  0      2.8   Nulo   Nulo
18/05/2017  0      4     Nulo   Nulo
19/05/2017  0      3     Nulo   Nulo
20/05/2017  0      4     Nulo   Nulo
21/05/2017  0      3     Nulo   Nulo
22/05/2017  0      4.1   Nulo   Nulo
23/05/2017  0      2.2   Nulo   Nulo
24/05/2017  0      3     Nulo   Nulo
25/05/2017  0      4     Nulo   Nulo
26/05/2017  0      3     Nulo   Nulo
27/05/2017  0      4     Nulo   Nulo
28/05/2017  0      4     Nulo   Nulo
29/05/2017  0      3     Nulo   Nulo
30/05/2017  0      3.1   Nulo   Nulo
31/05/2017  0      3     Nulo   Nulo
01/06/2017  0      3      32     15 
02/06/2017  0      3      31     16 
03/06/2017  0      2      32     14 
04/06/2017  0      4      31     15 
05/06/2017  10     3      30     15 
06/06/2017  0      4.1    31     14 
07/06/2017  0      3      32     15 
08/06/2017  0      4      31     16 
09/06/2017  0      3      30     15 
10/06/2017  0      4      32     14 
11/06/2017  0      4      31     15 
12/06/2017  0      4      30     15 
13/06/2017  0      4.1    32     14 
14/06/2017  11     3      31     15 
15/06/2017  0      3.6    32     15 
16/06/2017  0      4      30     16 
17/06/2017  0      3      32     14 
18/06/2017  0      3.2    31     15 
19/06/2017  7      4.1    30     15 
20/06/2017  0      2      32     14 
21/06/2017  0      3      31     15 
22/06/2017  0      3      30     15 
23/06/2017  0      3      31     14 
24/06/2017  0      4      32     15 
25/06/2017  5      3      30     16 
26/06/2017  0      4.1    31     14 
27/06/2017  0      4      32     15 
28/06/2017  0      5      31     16 
29/06/2017  0      3      30     15 
30/06/2017  0      4      31     14 
01/07/2017  0      2.2    29     14 
02/07/2017  50     3      28     15 
03/07/2017  0      2      30     15 
04/07/2017  25     3      29     14 
05/07/2017  30     4      28     15 
06/07/2017  0      3      29     15 
07/07/2017  0      3      28     14 
08/07/2017  50     3      29     15 
09/07/2017  11     4      28     15 
10/07/2017  15     3      30     14 
11/07/2017  0      4      28     15 
12/07/2017  0      4      28     15 
13/07/2017  0      4      29     15 
14/07/2017  0      3      29     16 
15/07/2017  16     3      30     14 
16/07/2017  15     3.2    29     15 
17/07/2017  40     4      28     14 
18/07/2017  0      3      29     15 
19/07/2017  0      3      30     14 
20/07/2017  30     4      29     15 
21/07/2017  0      3      29     15 
22/07/2017  11     4      28     14 
23/07/2017  15     3.9    29     15 
24/07/2017  21     4      28     16 
25/07/2017  0      3      29     15 
26/07/2017  7      4      29     14 
27/07/2017  0      4      29     15 
28/07/2017  10     3      28     16 
29/07/2017  0      4      29     15 
30/07/2017  0      3      30     14 
31/07/2017  0      3.2    30     15 
01/08/2017  0      4      30     16 
02/08/2017  0      4      29     15 
03/08/2017  0      3      28     16 
04/08/2017  0      4      30     14 
05/08/2017  0      3      29     15 
06/08/2017  7      4      28     16 
07/08/2017  6      4      30     14 
08/08/2017  0      4.1    29     15 
09/08/2017  11     3      30     14 
10/08/2017  0      4      30     15 
11/08/2017  15     3      28     16 
12/08/2017  11     4      29     14 
13/08/2017  0      3      28     15 
14/08/2017  0      3      29     14 
15/08/2017  12     3.2    30     15 
16/08/2017  10     4      28     14 
17/08/2017  0      3      29     15 
18/08/2017  4      4      30     14 
19/08/2017  4      4      30     14 
20/08/2017  0      4      29     15 
21/08/2017  0      3      28     14 
22/08/2017  30     4      29     15 
23/08/2017  25     3      30     16 
24/08/2017  0      3      28     14 
25/08/2017  0      4      24     15 
26/08/2017  0      3      30     14 
27/08/2017  32     3      28     15 
28/08/2017  36.5   4      29     14 
29/08/2017  23     3      30     15 
30/08/2017  8      3.2    30     14 
31/08/2017  0      3      30     15 
01/09/2017  0      3      28     15 
02/09/2017  0      3      31     14 
03/09/2017  20     3      29     15 
04/09/2017  30     3      28     15 
05/09/2017  0      3      29     14 
06/09/2017  70     4      30     15 
07/09/2017  55     3      28     16 
08/09/2017  0      3      29     14 
09/09/2017  0      3      28     15 
10/09/2017  0      4      30     14 
11/09/2017  0      2      28     15 
12/09/2017  0      3      29     14 
13/09/2017  0      4      30     15 
14/09/2017  0      4      31     14 
15/09/2017  0      3.2    29     15 
16/09/2017  0      3      29     15 
17/09/2017  15     4      30     14 
18/09/2017  0      2      28     15 
19/09/2017  0      3      29     14 
20/09/2017  20     4.1    29     15 
21/09/2017  0      4      30     14 
22/09/2017  0      4      29     15 
23/09/2017  0      4      28     15 
24/09/2017  0      4      30     14 
25/09/2017  0      3      29     15 
26/09/2017  0      3      28     14 
27/09/2017  45     4      28     15 
28/09/2017  22     4      29     14 
29/09/2017  0      4      30     15 
30/09/2017  0      3      30     14 
01/10/2017  0      3.2    28     16 
02/10/2017  0      3      29     15 
03/10/2017  0      4.1    27     16 
04/10/2017  0      4      29     14 
05/10/2017  0      3      28     15 
06/10/2017  18     2      29     15 
07/10/2017  0      4      27     16 
08/10/2017  25     4      29     14 
09/10/2017  0      3      28     15 
10/10/2017  0      2      27     15 
11/10/2017  0      4      29     14 
12/10/2017  0      4      28     15 
13/10/2017  0      4      27     15 
14/10/2017  0      4      29     14 
15/10/2017  0      3      28     15 
16/10/2017  13     3      29     15 
17/10/2017  0      3.2    28     16 
18/10/2017  0      4      29     15 
19/10/2017  21     3      27     16 
20/10/2017  0      3      29     14 
21/10/2017  0      4      28     15 
22/10/2017  22     3      29     15 
23/10/2017  0      4      28     16 
24/10/2017  0      3      29     15 
25/10/2017  10     3      28     16 
26/10/2017  0      3      27     15 
27/10/2017  19     4      29     14 
28/10/2017  0      3      29     15 
29/10/2017  0      2      28     14 
30/10/2017  26     3      28     15 
31/10/2017  0      3      28     15 
01/12/2017  0      3.2    26     14 
02/12/2017  0      4      24     10 
03/12/2017  0.2    1      26     11 
04/12/2017  0      3      22     10 
05/12/2017  0      4      26     8 
06/12/2017  0      3      24     9 
07/12/2017  0      4      26     9 
08/12/2017  0      3      27     8 
09/12/2017  0      3      24     9 
10/12/2017  0      4      26     10 
11/12/2017  0      3.8    24     11 
12/12/2017  0      4      26     6 
13/12/2017  0      4.3    15     5 
14/12/2017  0      3.2    26     4 
15/12/2017  0      3      29    -1 
16/12/2017  0      4      21     0 
17/12/2017  66     4      21     2 
18/12/2017  2      3      24     0 
19/12/2017  2      4      24     0 
20/12/2017  0      3      26     0 
21/12/2017  0      4      23     5 
22/12/2017  0      4      24     7 
23/12/2017  0      4      26     8 
24/12/2017  0      3.8    24     9 
25/12/2017  0      4      26     10 
26/12/2017  0      3      21     8 
27/12/2017  0      3      23     0 
28/12/2017  0      4      23     1 
29/12/2017  0      3      25     4 
30/12/2017  0      4      26     4 
31/12/2017  0      3      26     8 
01/01/2018  0      3.2    29     15 
02/01/2018  0      4      28     16 
03/01/2018  0      3      26     14 
04/01/2018  0      4      29     15 
05/01/2018  0      4      28     16 
06/01/2018  0      3.1    26     14 
07/01/2018  0      4      26     13 
08/01/2018  0      4.1    22     14 
09/01/2018  0      3.7    28     8 
10/01/2018  0      4      29     15 
11/01/2018  0      3      26     14 
12/01/2018  0      4      28     6 
13/01/2018  0      3      29     15 
14/01/2018  0      4      26     14 
15/01/2018  0      3      24     7 
16/01/2018  0      3.2    28     8 
17/01/2018  0      4      26     9 
18/01/2018  0      3      28     10 
19/01/2018  0      4.1    29     9 
20/01/2018  0      3      30     10 
21/01/2018  0      3      26     15 
22/01/2018  0      4      26     13 
23/01/2018  0      4      25     8 
24/01/2018  17     3      22     9 
25/01/2018  5      4      26     5 
26/01/2018  20     3      23     6 
27/01/2018  3      3      24     4 
28/01/2018  5      3      23     5 
29/01/2018  11     4      24     4 
30/01/2018  0      4      26     5 
31/01/2018  0      4      26     5 
--------------------------------------
