CNA-SMN-CG-GMC-SMAA-CLIMATOLOGIA
BASE DE DATOS CLIMATOLOGICA
DATOS DISPONIBLES EN LA BASE DE DATOS A MARZO 2020;CON LA INFORMACION SUMINISTRADA POR LAS OFICINAS REGIONALES
 
ESTACION  : 14367
NOMBRE    : TLACUITAPAN
ESTADO    : JALISCO
MUNICIPIO : UNION DE SAN ANTONIO
SITUACIÓN : OPERANDO
ORGANISMO : CONAGUA-DGE
CVE-OMM   : Nulo
LATITUD   : 021.198°
LONGITUD  : -102.125°
ALTITUD   : 1,800 msnm
 
EMISION   : 06/04/2020 
 
           PRECIP  EVAP   TMAX   TMIN
  FECHA     (MM)   (MM)   (°C)   (°C)
01/02/2008  0      6.2    29.5   7 
02/02/2008  0      0.2    29.5   7 
03/02/2008  0      4.3    29     7 
04/02/2008  0      4.4    29     11 
05/02/2008  0      1.7    29     6 
06/02/2008  0      6      29     5 
07/02/2008  0      3      29     9 
08/02/2008  0      4.9    29     5 
09/02/2008  0      2.6    29     4.5 
10/02/2008  0      2      29     4.5 
11/02/2008  0      1.9    29.5   8.5 
12/02/2008  0      4.8    29     6.5 
13/02/2008  0      3.5    29.5   6.5 
14/02/2008  0      4.2    29     3.5 
15/02/2008  0      4.1    29     3 
16/02/2008  0      2.4    29     9 
17/02/2008  0      6.8    28.5   5 
18/02/2008  0      5.7    28.5   4.5 
19/02/2008  0      4.3    29     5 
20/02/2008  0      3      29     6.5 
21/02/2008  0      5.5    30     4 
22/02/2008  0      3.3    29     6 
23/02/2008  0      4      32     6 
24/02/2008  0      6.9    32     12 
25/02/2008  0      5.8    32     11 
26/02/2008  0      4.6    32     8 
27/02/2008  0      4.4    32     10 
28/02/2008  0      4.2    30     4 
29/02/2008  0      3.2    30     8 
01/03/2008  0      5.6    32.5   7 
02/03/2008  0      4.4    32     9.5 
03/03/2008  0      5.5    31.5   9 
04/03/2008  0      7      31     8.5 
05/03/2008  0      3.2    31     3.5 
06/03/2008  0      4.6    30     8 
07/03/2008  0      7.4    31     8 
08/03/2008  0      4.6    30.5   3 
09/03/2008  0      3.5    30.5   4.5 
10/03/2008  0      5.2    30.5   5 
11/03/2008  0      5.3    30     6 
12/03/2008  0      5.2    30     9.5 
13/03/2008  0      5.1    30     5 
14/03/2008  0      8.9    29     5 
15/03/2008  0      5.1    30     8 
16/03/2008  0      6.9    30     9 
17/03/2008  0      7.1    30     12 
18/03/2008  0      5      30     13 
19/03/2008  0      7.2    30     12 
20/03/2008  0      6.9    30     10 
21/03/2008  0      3.8    30     11 
22/03/2008  0      3.6    30     8 
23/03/2008  0      9      29     10 
24/03/2008  0      3.3    29     9 
25/03/2008  0      3.7    39.5   9.5 
26/03/2008  0      7.3    30     9 
27/03/2008  0      9      30.5   9 
28/03/2008  0      10.5   30     9.5 
29/03/2008  0      6.3    31     10.5 
30/03/2008  0      7.4    31     5 
31/03/2008  0      7.4    31     5 
01/08/2008  2      2      35     9 
02/08/2008  17     2      34     10.5 
03/08/2008  0      3.8    34     9 
04/08/2008  0      3.8    35     10 
05/08/2008  0      5.2    35     9.5 
06/08/2008  0      3.4    33     9 
07/08/2008  1.5    5.6    32     17 
08/08/2008  0      1.8    32.5   15 
09/08/2008  1      5      33     15 
10/08/2008  26     2.9    32     12 
11/08/2008  0      3.5    31     11 
12/08/2008  0.5    4.1    30.5   17 
13/08/2008  0      5.1    29     15.5 
14/08/2008  43.5   6.9    29.5   14.5 
15/08/2008  5     Nulo    29     15 
16/08/2008  45.5  Nulo    29.5   13 
17/08/2008  0.5   Nulo    30     15.5 
18/08/2008  8.8   Nulo    31     17 
19/08/2008  20    Nulo    31     16.5 
20/08/2008  14.5  Nulo    29.5   15 
21/08/2008  8.7   Nulo    29.5   15 
22/08/2008  13    Nulo    29.5   14.5 
23/08/2008  3     Nulo    29     13.5 
24/08/2008  45.5  Nulo    28     15 
25/08/2008  28.5  Nulo    27.5   14.5 
26/08/2008  13.5  Nulo    27     15.5 
27/08/2008  12    Nulo    27     15.5 
28/08/2008  4.5   Nulo    27     14.5 
29/08/2008  1     Nulo    27     15.5 
30/08/2008  1.5    0.6    26.5   15 
31/08/2008  0      1.9    26.5   13 
01/09/2008  0.5    4.4    28     10.5 
02/09/2008  0      5.9    28.5   13.5 
03/09/2008  0      2.9    29.5   14 
04/09/2008  0      4.6    29.5   12.5 
05/09/2008  0      4.9    29.5   10.5 
06/09/2008  0      5.6    29.5   11.5 
07/09/2008  0      4.3    29.5   12.5 
08/09/2008  11.2   4.8    29.5   13 
09/09/2008  2      3      29     15 
10/09/2008  2.5    4      29     15 
11/09/2008  0      3.8    29.5   11 
12/09/2008  0      3.8    29.5   11 
13/09/2008  23     3.7    29     14 
14/09/2008  3      3      29     13 
15/09/2008  9      0.9    29     13.5 
16/09/2008  0      5.5    29     13.5 
17/09/2008  0      2.2    29     15.5 
18/09/2008  0      2.6    29.5   9.5 
19/09/2008  0      3.4    29.5   11.5 
20/09/2008  0      3.5    29     10 
21/09/2008  0      3.3    29     9 
22/09/2008  0      1.4    29     10 
23/09/2008  0.5    3.5    29.5   10.5 
24/09/2008  0      1.3    29     12 
25/09/2008  0      2.5    29     11.5 
26/09/2008  0      2.2    28.5   10 
27/09/2008  0      3.7    28.5   8.5 
28/09/2008  0      3.6    28.5   8 
29/09/2008  0      4.4    29     6 
30/09/2008  0      4.7    29     4 
01/10/2008  0      4.7    29.5   1 
02/10/2008  0      4.5    29     0 
03/10/2008  0      2.8    29     1 
04/10/2008  0      4.8    29     1 
05/10/2008  0      3.4    28.5   1.5 
06/10/2008  0      4      32     7 
07/10/2008  0      3.1    31.5   10 
08/10/2008  0      2.9    31.5   11 
09/10/2008  0      4.3    32     6.5 
10/10/2008  0      3      32     7.5 
11/10/2008  12.5   2.5    31     10 
12/10/2008  3.5    1.3    31.5   9 
13/10/2008  0      4.5    31.5   12.5 
14/10/2008  0      3.8    31.5   8 
15/10/2008  0      1.7    31.5   9 
16/10/2008  0      4.6    31.5   7 
17/10/2008  0      2.1    31.5   7.5 
18/10/2008  0      2.3    31     9 
19/10/2008  0      4.5    31     4 
20/10/2008  0      3.3    31     3.5 
21/10/2008  0      2.7    31     3.5 
22/10/2008  0      3.8    31     3.5 
23/10/2008  0      3.5    31     7 
24/10/2008  0      2.9    31     7 
25/10/2008  0      3.1    30.5   10 
26/10/2008  0      3.4    30.5   4 
27/10/2008  0      3.9    30.5   7 
28/10/2008  0      3.4    30.5   10 
29/10/2008  0      3      30.5   5.5 
30/10/2008  0      2.4    30.5   4.5 
31/10/2008  0      3.2    30     7.5 
01/06/2009  0      8.5    37.5   2.5 
02/06/2009  0      8.8    36.5   3 
03/06/2009  0      4.8    36.5   3 
04/06/2009  0      5.7    36.5   3 
05/06/2009  0      7      36     2.5 
06/06/2009  0      8.1    36.5   3 
07/06/2009  5.5    6.8    37     3 
08/06/2009  0      1.2    36.5   3 
09/06/2009  9.5    9.8    36.5   3 
10/06/2009  5      3.4    36.5   3.5 
11/06/2009  0      0.7    36     3.5 
12/06/2009  0      7.3    36     3 
13/06/2009  0      6.9    36     3 
14/06/2009  0      3.5    35.5   3 
15/06/2009  0      6.1    36.5   3 
16/06/2009  0      6.7    37     3.5 
17/06/2009  0.5    6.2    37.5   5.5 
18/06/2009  8      4      38     3.5 
19/06/2009  10.5   0.2    38     3.5 
20/06/2009  0      3      38     3.5 
21/06/2009  10     5.8    38.5   3.5 
22/06/2009  1      9.9    37.5   3.5 
23/06/2009  0      5.1    37.5   3.5 
24/06/2009  0      6.5    37.5   3.5 
25/06/2009  0      7.9    32.5   4 
26/06/2009  3.7    4.9    32.5   2 
27/06/2009  6      4.9    28     3 
28/06/2009  0      8      28     8 
29/06/2009  20     7.5    26.5   13 
30/06/2009  0      6.2    26.5   13 
01/07/2009  0      2.5    28     16.5 
02/07/2009  0      2.6    20     17.5 
03/07/2009  9      4.6    30     17 
04/07/2009  10     5.3    30.5   12 
05/07/2009  0      9.1    30     14.5 
06/07/2009  0      5.4    30     12.5 
07/07/2009  1.2    6.6    30.5   13.5 
08/07/2009  0      2.8    36     14 
09/07/2009  0      5.2    41.5   12 
10/07/2009  0      9.1    41     6.5 
11/07/2009  0      3      41     1 
12/07/2009  0      3.2    41     1.5 
13/07/2009  2.8    8.4    37     2 
14/07/2009  9      0.6    40.5   2 
15/07/2009  0      2.5    40     3.5 
16/07/2009  0      8.4    41     3.5 
17/07/2009  0      10.5   39     4 
18/07/2009  7      5.8    40     2.5 
19/07/2009  0      4.7    38     2 
20/07/2009  4      8.7    38.5   2 
21/07/2009  2      4      38     2 
22/07/2009  2      2      28.5   2 
23/07/2009  6      3      28     2 
24/07/2009  0      6      28.5   2 
25/07/2009  0      5.2    35     2 
26/07/2009  0      4.9    36     0 
27/07/2009  0      7.4    38     1 
28/07/2009  10     6.8    36     2 
29/07/2009  30.5   3.4    38.5   2 
30/07/2009  0      4.6    39     4 
31/07/2009  0      6      39     4.5 
01/01/2013  10     10     30     1 
02/01/2013  10     13     29     1 
03/01/2013  0      11.8   28     0 
04/01/2013  0      1.6    27.5   2 
05/01/2013  0      2.5    28     3 
06/01/2013  0      3      28     2 
07/01/2013  2      2      28     2 
08/01/2013  2      2      27.5   3 
09/01/2013  0      0.4    28     2 
10/01/2013  0      2.5    28     2 
11/01/2013  0      3.2    28     3 
12/01/2013  0      3.1    28     3 
13/01/2013  0      2.9    29     2.5 
14/01/2013  0      2.3    29     3 
15/01/2013  0      6      29     4 
16/01/2013  0      2.7    29     3 
17/01/2013  0      2.5    29     2 
18/01/2013  0      3.6    29     2 
19/01/2013  0      3      28     2 
20/01/2013  0      2.4    28     1 
21/01/2013  0      3.6    28.5   1.5 
22/01/2013  0      2.3    28     2 
23/01/2013  0      5.1    29     1 
24/01/2013  0      3.1    29.5   1 
25/01/2013  0      4.4    30     2 
26/01/2013  0      3      31     3 
27/01/2013  0      4      30     3.5 
28/01/2013  0      4.1    30     4 
29/01/2013  0      2      31     4 
30/01/2013  0      1.8    31     4 
31/01/2013  0      4.1    31     4 
01/02/2013  0      4.8    30     4 
02/02/2013  0      4.1    32.5   4.5 
03/02/2013  0      4      33     6 
04/02/2013  0      5.1    33     6.5 
05/02/2013  0      3      34.5   7 
06/02/2013  0      3.9    34     6 
07/02/2013  0      5.1    34     2.5 
08/02/2013  0      4.5    34     3 
09/02/2013  0      6.5    34     3.5 
10/02/2013  0      6      34.5   4 
11/02/2013  0      4.5    34.5   4.5 
12/02/2013  0      6.5    34.5   4.5 
13/02/2013  0      5.5    34     5 
14/02/2013  0      4.5    34     4 
15/02/2013  0      7      34     4 
16/02/2013  0      5      34     4.5 
17/02/2013  0      5.4    34.5   5.5 
18/02/2013  0      7.5    34     5.5 
19/02/2013  0      5.8    34     5.5 
20/02/2013  0      3.4    33     6 
21/02/2013  0      5.9    34     5.5 
22/02/2013  0      4.7    34     6 
23/02/2013  0      5.7    34     5 
24/02/2013  0      7.4    34.5   5.5 
25/02/2013  0      6      33     7 
26/02/2013  0      5.2    34     7.5 
27/02/2013  0      6.8    34     8.5 
28/02/2013  0      5.1    34     6 
01/03/2013  0      3.5    34     7 
02/03/2013  0      6.6    32     7 
03/03/2013  0      3.3    32     5 
04/03/2013  0      6.1    29     5 
05/03/2013  0      5.1    29     4 
06/03/2013  0      5      30     4.5 
07/03/2013  0      3.4    30     4 
08/03/2013  0      5.6    30     4 
09/03/2013  0      4.2    31     4 
10/03/2013  0      5.7    32     4 
11/03/2013  0      7      33     7 
12/03/2013  0      3.3    33     7 
13/03/2013  0      4.7    33     6 
14/03/2013  0      4.1    33     5 
15/03/2013  1      4      33     4.5 
16/03/2013  0      4      33     5 
17/03/2013  0      3.4    33     6 
18/03/2013  0      4.1    33     5.5 
19/03/2013  0      4.4    32.5   6 
20/03/2013  0      5.2    33.5   5 
21/03/2013  0      5.7    33     6 
22/03/2013  0      5      32     6.5 
23/03/2013  0      5.9    34     6 
24/03/2013  0      4.4    34     6 
25/03/2013  0      6.6    34     6 
26/03/2013  0      5.6    35     6 
27/03/2013  0      6.5    34.5   6 
28/03/2013  0      5      34     6.5 
29/03/2013  0      6      34     7 
30/03/2013  0      5.4    35     7 
31/03/2013  0      5.5    35     7 
01/04/2013  0      6      35.5   5 
02/04/2013  0      5      35     5.5 
03/04/2013  0      5.4    35.5   5.5 
04/04/2013  0      4.5    33.5   6 
05/04/2013  0      3.5    33     6 
06/04/2013  0      4.6    34     7 
07/04/2013  0      5.8    34     7 
08/04/2013  0      5      34.5   6 
09/04/2013  0      4.5    34     7 
10/04/2013  0      6.4    34     6 
11/04/2013  0      5.4    32     6 
12/04/2013  0      7.7    33     6 
13/04/2013  0      6      33     5 
14/04/2013  0      5.3    32.5   6 
15/04/2013  0      7.7    32     6 
16/04/2013  0      6.9    31.5   6.5 
17/04/2013  0      7.1    32     7 
18/04/2013  0      5.4    32     7 
19/04/2013  0      6.4    33     6 
20/04/2013  0     Nulo   Nulo    6 
30/04/2013 Nulo   Nulo    2.4   Nulo
01/05/2013  0      5.4    34.5   8 
02/05/2013  0      4.9    35     8 
03/05/2013  0      5.7    35     7.5 
04/05/2013  0      4.4    34.5   7.5 
05/05/2013  0      5.5    34.5   7.5 
06/05/2013  0      6      34     7 
07/05/2013  0      7      35     8 
08/05/2013  0      5      35     7.5 
09/05/2013  0      6.1    35     8 
10/05/2013  0      5.2    35     7.5 
11/05/2013  0      5.8    34.5   8 
12/05/2013  0      5      35     7.5 
13/05/2013  0      6      35     8 
14/05/2013  0      5.4    35     8 
15/05/2013  0      4.6    31.5   8 
16/05/2013  0      4.3    37     8 
17/05/2013  0      5.2    37     8 
18/05/2013  0      6.6    37     8.5 
19/05/2013  0      5.2    36.5   8.5 
20/05/2013  0      7.8    37     8 
21/05/2013  0      7.9    38     8.5 
22/05/2013  0      9.1    38     9 
23/05/2013  0      6      38     10 
24/05/2013  0      7.4    38     11 
25/05/2013  0      7.5    38     9 
26/05/2013  0      9.1    38     9 
27/05/2013  0      6      38     9.5 
28/05/2013  0      6.5    38.5   9 
29/05/2013  0      7.9    38     9.5 
30/05/2013  0      3.7    38     9.5 
31/05/2013  0      3.7    37     9.5 
01/08/2013  0      2.8    32     7 
02/08/2013  0      4.5    37     9.5 
03/08/2013  9      5.5    38     8 
04/08/2013  0.5    2      39     7.5 
05/08/2013  8      7.2    38     7.5 
06/08/2013  0      1.9    36     7 
07/08/2013  6.6    6.2    36     7 
08/08/2013  0      6      36     6.5 
09/08/2013  3      7      33.5   6 
10/08/2013  4      3      36     6 
11/08/2013  2      4      35.5   6.5 
12/08/2013  19     2      36     6 
13/08/2013  0      6.2    35.5   6 
14/08/2013  0      10.4   35     5 
15/08/2013  0      5.4    35     5.5 
16/08/2013  0      6.1    35.5   5.5 
17/08/2013  0      1.9    35     6 
18/08/2013  0      6      34.5   6 
19/08/2013  0      4      34.5   6 
20/08/2013  0      5      34     6 
21/08/2013  0      5.4    35     6 
22/08/2013  4      5      34     5 
23/08/2013  5      4      35     6 
24/08/2013  5      5      34.5   6 
25/08/2013  0      5      34     6.5 
26/08/2013  0      5.4    34     6 
27/08/2013  8.5    1.7    34     6 
28/08/2013  2      4.6    34.5   5 
29/08/2013  0      2.1    34     5.5 
30/08/2013  6      6.4    35     6 
31/08/2013  0      5.6    35     6 
01/09/2013  0      4.5    32     6 
02/09/2013  0.5    2.2    32     6 
03/09/2013  0      4.2    31.5   6 
04/09/2013  4.5    5      31     5 
05/09/2013  0      5.5    31     5 
06/09/2013  5      5.9    31     6 
07/09/2013  7.5    5.7    30     2 
08/09/2013  29     6.8    30     2 
09/09/2013  0      9.2    30     15 
10/09/2013  0      4.3    30     16 
11/09/2013  0      0.5    30     16 
12/09/2013  0      5.4    30     15 
13/09/2013  0      1.2    26.5   15 
14/09/2013  2      2.7    27     10 
15/09/2013  36     5      27     10 
16/09/2013  2     Nulo    26     10 
17/09/2013  16    Nulo    26     0 
18/09/2013  2     Nulo    27     0 
19/09/2013  0     Nulo    27     2 
20/09/2013  0     Nulo    30     2 
21/09/2013  2     Nulo    27     15 
22/09/2013  3.2   Nulo    29.5   13 
23/09/2013  6.8   Nulo    32     13.5 
24/09/2013  0     Nulo    30.5   13 
25/09/2013  0      3.7    30     9 
26/09/2013  0      2.6    29.5   9 
27/09/2013  2.5    3.5    28     8 
28/09/2013  0     Nulo    27     8 
29/09/2013  0      6      31     9 
30/09/2013  0      3      31     8 
01/10/2013  39     0.2    30     8.5 
02/10/2013  0      2.2    29     8 
03/10/2013  0      5      28     9 
04/10/2013  0      5      27     8.5 
05/10/2013  0      5.6    28     8.5 
06/10/2013  4.5    4.6    30     8 
07/10/2013  0      9.5    31     8.5 
08/10/2013  0      3.2    30     9 
09/10/2013  0      3.2    30     8.5 
10/10/2013  0      4      25     9 
11/10/2013  7.5    1.8    30     3 
12/10/2013  13     6.8    30.5   3 
13/10/2013  0      0.8    30     4 
14/10/2013  0      2      30     4 
15/10/2013  0      2.2    29.5   4 
16/10/2013  0      3.6    30.5   4 
17/10/2013  0      2.5    29     4.5 
18/10/2013  0      3.5    28.5   5 
19/10/2013  0.5    2.9    29     5.5 
20/10/2013  0      3.3    28     4.5 
21/10/2013  0      3.4    27     4.5 
22/10/2013  0      3.4    27.5   3 
23/10/2013  0      4      21     3.5 
24/10/2013  0      0.2    25     1 
25/10/2013  0      2.5    26.5   1.5 
26/10/2013  0      2.2    25     2 
27/10/2013  0      3.3    31     1.5 
28/10/2013  0      4.5    25     2 
29/10/2013  27     5.6    28     2.5 
30/10/2013  0      9.3    28     2 
31/10/2013  0      6.9    28     2 
01/11/2013  0      3.8    29     2 
02/11/2013  1.5    4      30.5   2 
03/11/2013  0      5.1    27     1 
04/11/2013  0      1.5    28     0.5 
05/11/2013  0      3.6    28     1 
06/11/2013  0      2      27     1 
07/11/2013  0      2      27.5   0.5 
08/11/2013  0      0.4    28     1 
09/11/2013  0      0.9    27     1 
10/11/2013  0      3.7    27     2 
11/11/2013  0      2      28     2 
12/11/2013  10.5   6.8    27     1 
13/11/2013  9.2    6.6    26     1 
14/11/2013  0      2.2    25     1.5 
15/11/2013  1      1      24     8 
16/11/2013  0      2.2    26     9 
17/11/2013  0      2      25     3 
18/11/2013  0      3.2    28     4 
19/11/2013  0      3.3    29.5   7 
20/11/2013  0      2      27     8.5 
21/11/2013  0      1      27     9 
22/11/2013  0      3      28     9 
23/11/2013  0      2      27     6.5 
24/11/2013  0      2.5    27     6 
25/11/2013  0      2.5    24.5   6.5 
26/11/2013  0      2.6    24.5   7 
27/11/2013  0      1.8    24.5   8 
28/11/2013  0      1      23     1 
29/11/2013  0      1      21.5   4 
30/11/2013  0      3.1    25     1 
01/12/2013  0      3.7    25     3 
02/12/2013  0      3.3    25.5   3.5 
03/12/2013  0      3      29     3 
04/12/2013  0      9.3    29     2 
05/12/2013  0      5.2    28.5   2.5 
06/12/2013  0      3.4    32.5   3 
07/12/2013  0      2.8    32.5   2.5 
08/12/2013  0      3      32     3 
09/12/2013  0      0.3    32.5   3 
10/12/2013  0      4.7    33     1 
11/12/2013  0      2      32.5   7 
12/12/2013  0      2.4    32.5   6.5 
13/12/2013  0      1.8    31.5   9 
14/12/2013  0      3.8    33     7 
15/12/2013  0      3.8    33     7 
16/12/2013  0      1.4    32     1 
17/12/2013  0      3.2    31.5   2 
18/12/2013  0      0.8    32     1 
19/12/2013  0      1.9    32     1 
20/12/2013  0      4.2    31.5   5 
21/12/2013  0      1.1    31.5   4.5 
22/12/2013  0      2.2    31     4 
23/12/2013  0      3      31.5   4 
24/12/2013  4      1.4    31.5   3 
25/12/2013  19    Nulo    31.5   3.5 
26/12/2013  33    Nulo    31.5   3 
27/12/2013  30.3  Nulo    31.5   5 
28/12/2013  18    Nulo    31     7 
29/12/2013  4     Nulo    31     8 
30/12/2013  0     Nulo    31     7 
31/12/2013  0     Nulo    31     7 
01/01/2014  0     Nulo    31     7 
02/01/2014  0     Nulo    31     7.5 
03/01/2014  0      2.4    31     2 
04/01/2014  0      1.6    31.5   2.5 
05/01/2014  0      3.1    31.5   2 
06/01/2014  0      1.6    31     6 
07/01/2014  0      4.2    32     5 
08/01/2014  0      2.4    33     6 
09/01/2014  0      0.5    38     0 
10/01/2014  0      2.1    38     1 
11/01/2014  0      1.9    37     0.5 
12/01/2014  13     3      43     1 
13/01/2014  0      9.1    43     5 
14/01/2014  0      1.6    44     1.5 
15/01/2014  0      2.3    43.5   1 
16/01/2014  0      2.7    40     1 
17/01/2014  0      2.7    38.5   1 
18/01/2014  0      2.7    35     2 
19/01/2014  0      1      27     4 
20/01/2014  0      3.2    27     2 
21/01/2014  0      1.2    26.5   1 
22/01/2014  0      2      26     1 
23/01/2014  0      4.8    21     1.5 
24/01/2014  0      3      20.5   2 
25/01/2014  0      3.2    22     3.5 
26/01/2014  0      1      26.5   3 
27/01/2014  0      1.3    24     1 
28/01/2014  0      5.6    24     1 
29/01/2014  0      2      24.5   1 
30/01/2014  0      1.8    29     1 
31/01/2014  0      1.8    29     3 
01/02/2014  0      3.2    26     2.5 
02/02/2014  0      3.2    28     2 
03/02/2014  0      2.7    28     3 
04/02/2014  0      1.8    19     2 
05/02/2014  0      3.7    20     7 
06/02/2014  0      3      24     6 
07/02/2014  0      1      27     7 
08/02/2014  0      3      17.5   7.5 
09/02/2014  0      2.7    18     5 
10/02/2014  0      3      30.5   5.5 
11/02/2014  0      0.2    30     2 
12/02/2014  0      3.3    28     0.5 
13/02/2014  0      3.9    24.5   1 
14/02/2014  0      3.6    31.5   2 
15/02/2014  0      3.7    30.5   3 
16/02/2014  0      2.9    37     2.5 
17/02/2014  0      6.1    31     1 
18/02/2014  0      3      32     2 
19/02/2014  0      3.1    30     3 
20/02/2014  0      0.7    28     1 
21/02/2014  0      5.3    29     1 
22/02/2014  0      6.9    30     2 
23/02/2014  0      5.6    21     4 
24/02/2014  0      3.9    21.5   9 
25/02/2014  0      4.1    27     3 
26/02/2014  0      2.3    28     6 
27/02/2014  0      2      19     4 
28/02/2014  0      4.2    20     4 
01/03/2014  0      3.3    32     7.5 
02/03/2014  0      4.6    34     7 
03/03/2014  0      4.8    31     8.5 
04/03/2014  0      4.4    29     3.5 
05/03/2014  0      5.4    29.5   3 
06/03/2014  0      4.6    29.5   4 
07/03/2014  0      4      28     5 
08/03/2014  0      5.9    28     7.5 
09/03/2014  0      5.8    28.5   6 
10/03/2014  0      3.8    25     6 
11/03/2014  0      4.4    26     8 
12/03/2014  0      5.6    32     8 
13/03/2014  0      5.8    35     8 
14/03/2014  0      4.8    35     8 
15/03/2014  0      4.9    39     9 
16/03/2014  0      5.7    38.5   6 
17/03/2014  0      6.2    37     5 
18/03/2014  0      5.4    38     5.5 
19/03/2014  0      5.3    39     5 
20/03/2014  0      5.2    45     7 
21/03/2014  0      4.8    44.5   8 
22/03/2014  0      7      42     9 
23/03/2014  0      4.9    43.5   5 
24/03/2014  0      5.6    42     6 
25/03/2014  0      6.6    38.5   9 
26/03/2014  0      8.6    38.5   12.5 
27/03/2014  0      7.3    38     9 
28/03/2014  0      5.7    39     12 
29/03/2014  0      5.9    39     6.5 
30/03/2014  0      8.2    31     7 
31/03/2014  0      3.9    31     6 
01/01/2015  0      4.5    44     14 
02/01/2015  0      2.8    44     15 
03/01/2015  0      3.2    44     16 
04/01/2015  0      2.1    39     5.5 
05/01/2015  0      2.1    35     6.5 
06/01/2015  0      2.4    42     7.5 
07/01/2015  0      1.6    42     5 
08/01/2015  0      2.1    41     5 
09/01/2015  0      3.7    38     6.5 
10/01/2015  0      3      38     7.5 
11/01/2015  0      3.5    39     7.5 
12/01/2015  0      3.4    44     6.5 
13/01/2015  0      1      46     8 
14/01/2015  0      2      39     9 
15/01/2015  0      1.3    45     9.5 
16/01/2015  0      0.1    44     9.5 
17/01/2015  0      4.2    43     9 
18/01/2015  0      3.3    39     9.5 
19/01/2015  0      3.1    36     8.5 
20/01/2015  0      3.5    36     8.5 
21/01/2015  0      2.4    35     8.5 
22/01/2015  0      2.4    36     7.5 
23/01/2015  0      4.5    42     7.5 
24/01/2015  0      1.4    42     8 
25/01/2015  0      2.7    42.5   7.5 
26/01/2015  0      1.5    42     8 
27/01/2015  0      1.6    42     7.5 
28/01/2015  0      2.7    34     4.5 
29/01/2015  0      1.8    33.5   4.5 
30/01/2015  0      2.5    34     5.5 
31/01/2015  0      2.4    34     5 
01/02/2015  0      2.5    38     4.5 
02/02/2015  1      5.8    26     5.3 
03/02/2015  0      3      22     6 
04/02/2015  0      2.9    26     0.5 
05/02/2015  0      4      24     4.5 
06/02/2015  0      3.2    24     0.5 
07/02/2015  0      3      23     0.5 
08/02/2015  0      1      24     0.5 
09/02/2015  0      2.5    23.5   0.5 
10/02/2015  0      3.5    24     0.5 
11/02/2015  0      4      23.5   2.5 
12/02/2015  0      1.9    23     4 
13/02/2015  4.4    0.9    22.5   7.5 
14/02/2015  1      3.1    21     8.5 
15/02/2015  0      3.5    21     9 
16/02/2015  0      1.5    22     9 
17/02/2015  0      3.5    25     9 
18/02/2015  0      2.2    24.5   0.5 
19/02/2015  0      3.2    25     0.5 
20/02/2015  0      4.7    27     2 
21/02/2015  0      5.5    30     3 
22/02/2015  0      4.3    30     4 
23/02/2015  0      4      33     4 
24/02/2015  0      6      30     4 
25/02/2015  0      3.2    30     2.5 
26/02/2015  0      5      30     0.1 
27/02/2015  0      3.3    30.5   1 
28/02/2015  0      4.7    30     1.5 
01/03/2015  0      7      31     1.5 
02/03/2015  0      7      32     1.5 
03/03/2015  0      7.8    29     1 
04/03/2015  0.1    5.3    30     2 
05/03/2015  0      3.6    30     7 
06/03/2015  0      4.2    30     7 
07/03/2015  0      4.2    30.5   7 
08/03/2015  0      3.4    30     7 
09/03/2015  3.5    0.1    30     7.5 
10/03/2015  10.5   5.3    20     5 
11/03/2015  0      3.7    28     3.5 
12/03/2015  2.5    3.6    26     1 
13/03/2015  2      5      26.5   2.5 
14/03/2015  39    Nulo    26.5   1 
15/03/2015  15.4  Nulo    26     0.5 
16/03/2015  44.5  Nulo    18     1 
17/03/2015  20    Nulo    21.5   10 
18/03/2015  0      5.4    24     5 
19/03/2015  0      2.9    26     4 
20/03/2015  0      4.6    24     4 
21/03/2015  0      3.7    29.5   11 
22/03/2015  0      3.8    29     6 
23/03/2015  0      3.7    29     6.5 
24/03/2015  0      4      28.5   5 
25/03/2015  0      6.7    28.5   5.5 
26/03/2015  0      5.4    28     3.5 
27/03/2015  0      2.4    28.5   5 
28/03/2015  0      3.4    28     5.5 
29/03/2015  0      4.1    28.5   5 
30/03/2015  0      4.8    28.5   5.5 
31/03/2015  0     Nulo   Nulo    5.5 
01/04/2015  0      4.2    29     5 
02/04/2015  0      4.9    30.5   5 
03/04/2015  0      5.3    29.5   5 
04/04/2015  0      4.9    30.5   5 
05/04/2015  0      4.8    30     5 
06/04/2015  0      3.6    30.5   5.5 
07/04/2015  0      6      31     6.5 
08/04/2015  0      2.8    31.5   6.5 
09/04/2015  0      2.4    31     7 
10/04/2015  0      3.9    31.5   8.5 
11/04/2015  0      3.1    30.5   8.5 
12/04/2015  0      6.1    31     8 
13/04/2015  0      3.4    31     8 
14/04/2015  0      6.6    29     8.5 
15/04/2015  0      3.6    31     7.5 
16/04/2015  0      4.1    30.5   7 
17/04/2015  0      7.1    30     7.5 
18/04/2015  0      5.2    29     5.5 
19/04/2015  0      3.3    31     5 
20/04/2015  0      6.8    32     6 
21/04/2015  0      3.8    32.5   6.5 
22/04/2015  0      3.8    32     6 
23/04/2015  1      6.1    31.5   6 
24/04/2015  0      1.9    32     6 
25/04/2015  0      5.6    32     6.5 
26/04/2015  0      4.7    32     6 
27/04/2015  0      4.5    32     6 
28/04/2015  0      6.2    32     6 
29/04/2015  0.5    3.3    20     6 
30/04/2015  0      3      20     3.5 
01/05/2015  0      7      29.5   3 
02/05/2015  0      4.5    30     3.5 
03/05/2015  0      6.9    30     3 
04/05/2015  0      7.1    30     4 
05/05/2015  0      5.7    33     5 
06/05/2015  0      8.5    33     12.5 
07/05/2015  0      5.3    33.5   8 
08/05/2015  0      5.2    33     7 
09/05/2015  0      4.2    33.5   7.5 
10/05/2015  0      7.9    33.5   7.5 
11/05/2015  5      12.4   36     8 
12/05/2015  4.6    5.3    36.5   8 
13/05/2015  0     Nulo    36.5   7 
14/05/2015  0      6      36     8 
15/05/2015  0      5.2    36     8 
16/05/2015  0      5.1    36     8 
17/05/2015  0      4.5    36     8 
18/05/2015  0      7.1    36     8.5 
19/05/2015  20.5  Nulo    36     8 
20/05/2015  0     Nulo    36     8 
21/05/2015  2.3    2.3    36     8 
22/05/2015  18.2   16.4   30     8 
23/05/2015  2      2      30.5   12 
24/05/2015  0      2      30.5   9.5 
25/05/2015  0      1.3    30.5   9 
26/05/2015  0      6.3    30     10 
27/05/2015  3.5    9.6    31     11 
28/05/2015  2      6.9    30     15 
29/05/2015  0      2.2    31     8 
30/05/2015  0      4      29     10 
31/05/2015  0      1.5    29     8.5 
01/06/2015  0      5.7    29     9.5 
02/06/2015  0      4.9    29     8 
03/06/2015  0      6.8    30     9 
04/06/2015  0      5.7    30     9.5 
05/06/2015  0      7      29.5   9 
06/06/2015  2      4      30     9.5 
07/06/2015  3      5.3    31     10 
08/06/2015  0      1.8    30.5   11 
09/06/2015  0      4.3    30     9.5 
10/06/2015  0      7.8    30     9.5 
11/06/2015  5      5      31     9.5 
12/06/2015  11     4.5    31     14.5 
13/06/2015  0      3.7    31     14.5 
14/06/2015  0      2.7    31     14 
15/06/2015  31     3.5    31     12 
16/06/2015  18     4.3    31     7 
17/06/2015  1      2.1    31     10 
18/06/2015  0      1      31     12.5 
19/06/2015  0      4.1    31     13 
20/06/2015  99.5  Nulo    31     13 
21/06/2015  20    Nulo    31     12 
22/06/2015  12    Nulo    31     12 
23/06/2015  0     Nulo    31     11 
24/06/2015  7     Nulo    31     12 
25/06/2015  19    Nulo    31     12 
26/06/2015  2.5   Nulo    31     12 
27/06/2015  1.5   Nulo    31     11.5 
28/06/2015  5.2   Nulo    31     12 
29/06/2015  8     Nulo    31     14 
30/06/2015  0     Nulo    31     12 
01/07/2015  10    Nulo    25     13 
02/07/2015  12    Nulo    35.5   13 
03/07/2015  31    Nulo    26     13 
04/07/2015  5     Nulo    27     11 
05/07/2015  0     Nulo    26.5   13 
06/07/2015  3     Nulo    26     13 
07/07/2015  0     Nulo    27.5   13 
08/07/2015  0     Nulo    25     13 
09/07/2015  0     Nulo    27     14 
10/07/2015  0     Nulo    27     10 
11/07/2015  0     Nulo    27     11 
12/07/2015  0     Nulo    27     9.5 
13/07/2015  0     Nulo    27     9 
14/07/2015  0     Nulo    27     10 
15/07/2015  0     Nulo    27     10.5 
16/07/2015  9.7   Nulo    27.5   11 
17/07/2015  25.5  Nulo    26     10 
18/07/2015  6     Nulo    27     10 
19/07/2015  38    Nulo    27     14 
20/07/2015  0     Nulo    27     11 
21/07/2015  2.5   Nulo    27.5   10 
22/07/2015  2     Nulo    27     9.5 
23/07/2015  19    Nulo    27     9.5 
24/07/2015  4     Nulo    27     10 
25/07/2015  16    Nulo    27     13 
26/07/2015  0     Nulo    28     13 
27/07/2015  0     Nulo    29     12.5 
28/07/2015  0     Nulo    29.5   10 
29/07/2015  0     Nulo    30     10 
30/07/2015  0     Nulo    30.5   10.5 
31/07/2015  0     Nulo    30     11 
01/08/2015  0      7.2    30     8 
02/08/2015  4      8      29     8 
03/08/2015  8      5.3    29     8 
04/08/2015  0      3      29     8 
05/08/2015  0      4.7    28.5   8 
06/08/2015  0.5    2.3    28     10 
07/08/2015  15.5   5.4    29     11.5 
08/08/2015  0      6.8    29     11.5 
09/08/2015  32.4   4.5    28.5   11.5 
10/08/2015  1      3.2    29     11 
11/08/2015  0      3.9    29     10 
12/08/2015  0      5.8    29     10 
13/08/2015  0      0.3    29     10 
14/08/2015  0      6.4    29     10 
15/08/2015  0      5.7    29     8 
16/08/2015  0      6.1    29     8.5 
17/08/2015  0      1.5    26.5   8 
18/08/2015  0      4.5    27.5   9.5 
19/08/2015  0      4.1    27.5   9.5 
20/08/2015  19     4      28     9.5 
21/08/2015  0      4.2    28.5   10 
22/08/2015  5      5.3    28     10.5 
23/08/2015  5      2.2    28     9.5 
24/08/2015  0.2    1      28     11.5 
25/08/2015  0      1.7    28     10.5 
26/08/2015  1      3.6    28     9 
27/08/2015  0      4.9    28     9 
28/08/2015  0      4.1    27.5   9 
29/08/2015  0      1.8    28     5.5 
30/08/2015  0      3.9    29     6 
31/08/2015  0      3.2    28     6 
01/09/2015  13.2   4.6    29     6 
02/09/2015  5.2    9.1    29     6 
03/09/2015  15.2   4.3    29     6 
04/09/2015  1.5    4.3    29     6 
05/09/2015  0      1      27.5   14 
06/09/2015  0      3.2    27     12 
07/09/2015  3      3.1    28     12 
08/09/2015  1.5   Nulo    29     12 
09/09/2015  0.2    3.7    29     12 
10/09/2015  0      3.2    29     12 
11/09/2015  1      4.3    29     11 
12/09/2015  0      2.9    29     11.5 
13/09/2015  6      3      29     10.5 
14/09/2015  5.5    2.5    29     12 
15/09/2015  5      5.5    29     12 
16/09/2015  5      5      29     12 
17/09/2015  0      5      29     12.5 
18/09/2015  11     0.9    29     12.5 
19/09/2015  3      7.6    29     12.5 
20/09/2015  0      1.5    29     12 
21/09/2015  0      3.2    29     9 
22/09/2015  0      5.2    29     9 
23/09/2015  0      3.5    29.5   8.5 
24/09/2015  0      4.3    29     8 
25/09/2015  3      3.9    29     7.5 
26/09/2015  0     Nulo    27     8 
27/09/2015  0      3.9    26.5   7 
28/09/2015  0      3.4    27     7 
29/09/2015  0      2.5    27     7 
30/09/2015  0      3.2    26     7 
01/01/2016  0      2.8    27.5  -1 
02/01/2016  0      2.4    27.5   0.5 
03/01/2016  0      3      27    -1 
04/01/2016  0      1.5    27.5  -1 
05/01/2016  0      0.7    27    -1.5 
06/01/2016  0      4.8    27    -3 
07/01/2016  0      3.7    27    -1 
08/01/2016  0      9.7    27     0.5 
09/01/2016  0      2.2    27     0.5 
10/01/2016  0      5.3    25     1 
11/01/2016  0      3.1    26     1 
12/01/2016  0.5    5.1    25     1 
13/01/2016  6      0.8    25    -1 
14/01/2016  0      4.6    24     2 
15/01/2016  0      3.4    25     0.5 
16/01/2016  0      4.6    25     0.5 
17/01/2016  0      3      25.5  -6 
18/01/2016  0      3      25    -6 
19/01/2016  0      3.2    25    -6 
20/01/2016  0      2.5    25    -6 
21/01/2016  0      4.2    25.5  -4 
22/01/2016  0      3.4    25.5  -7 
23/01/2016  0      2.8    26    -7 
24/01/2016  0      3.7    26    -7 
25/01/2016  0      2.5    26    -7 
26/01/2016  0      3.1    25    -2 
27/01/2016  0      2.8    22.5   1 
28/01/2016  0      2.2    25    -1 
29/01/2016  0      4.1    25    -2 
30/01/2016  0      0.2    26     2 
31/01/2016  0      5.1    26     1 
01/02/2016  0      3.6    26    -3.5 
02/02/2016  0      2.8    29    -1 
03/02/2016  0      6.1    29    -1 
04/02/2016  0      3.3    29    -1 
05/02/2016  0      4.1    29    -1 
06/02/2016  0      2.2    29    -1 
07/02/2016  0      2.9    29    -1 
08/02/2016  0      3.8    29     4 
09/02/2016  0      2.5    29     2.5 
10/02/2016  0      4.3    29    -1 
11/02/2016  0      4.4    29     2 
12/02/2016  0      4.6    29     2 
13/02/2016  0      3.7    29    -1 
14/02/2016  0      5.2    29    -1 
15/02/2016  0      3.3    29    -1 
16/02/2016  0      3      29    -1 
17/02/2016  0      3      29    -1 
18/02/2016  0      2.4    31     0 
19/02/2016  0      7.3    31    -1 
20/02/2016  0      2.3    30    -1 
21/02/2016  0      2      31    -1 
22/02/2016  0      2.6    31     1 
23/02/2016  0      4.2    31.5   3 
24/02/2016  0      5.1    31.5   3 
25/02/2016  0      5.1    30     3.5 
26/02/2016  11     7      31     3 
27/02/2016  0      1.5    31     7 
28/02/2016  1.5    7      31     3 
29/02/2016  0      3.3    30.5   3.5 
01/03/2016  0      4.1    30     3 
02/03/2016  0      4.1    30     4.5 
03/03/2016  0      4      30     3.5 
04/03/2016  0      4.2    31     4 
05/03/2016  0      5.8    31     4 
06/03/2016  0      9      31     4 
07/03/2016  0      0.2    27     6 
08/03/2016  9.5    6.7    27     3 
09/03/2016  15     2.3    27     8 
10/03/2016  0      2      27     0 
11/03/2016  0      1.4    27     0 
12/03/2016  0      2.5    27     2 
13/03/2016  0      1      27.5   2 
14/03/2016  0      7.1    27     3 
15/03/2016  0      9.9    31     3.5 
16/03/2016  0      3      30     3 
17/03/2016  0      4.4    30     4 
18/03/2016  0      5.4    30     3 
19/03/2016  0      6.4    31     3 
20/03/2016  0      6      31     4 
21/03/2016  0      6      31     5 
22/03/2016  0      1.6    31     3.5 
23/03/2016  0      4.4    31     3 
24/03/2016  0      4      31     5 
25/03/2016  0      3      31     5 
26/03/2016  0      2.4    31     6 
27/03/2016  0      4.2    30     6 
28/03/2016  0      2.5    31     5 
29/03/2016  0      4      31     6 
30/03/2016  0      4      31     5 
31/03/2016  0      4      31     5 
01/04/2016  0      2.8    32.5   4 
02/04/2016  0      2.2    32     4 
03/04/2016  0      5.9    31.5   4 
04/04/2016  0      5      33     4.5 
05/04/2016  0      4      32     5.5 
06/04/2016  0      3.5    32.5   4.5 
07/04/2016  0      2.5    33     5 
08/04/2016  0      3.2    33     5 
09/04/2016  0      3.7    33     5.5 
10/04/2016  0      4      33     6 
11/04/2016  0      3      31     5 
12/04/2016  0      3      31     5 
13/04/2016  0      4      31     5 
14/04/2016  0      3      32     5 
15/04/2016  0      4.4    32     5 
16/04/2016  0      4.6    32     5 
17/04/2016  0      4      31     5 
18/04/2016  0      4.5    31     5 
19/04/2016  0      6.4    31.5   5.5 
20/04/2016  0      4      31     5 
21/04/2016  0      5      32     5 
22/04/2016  0      5.1    32     6 
23/04/2016  0      5.4    31     5 
24/04/2016  0      4.7    33     5 
25/04/2016  0      5.4    31     5 
26/04/2016  0      6.3    31     5 
27/04/2016  0      6      31     5.5 
28/04/2016  0      6      37     5.5 
29/04/2016  0      6.2    31     3 
30/04/2016  0      7.8    31     4 
01/05/2016  0      2.8    37     3 
02/05/2016  0      2.6    37     4 
03/05/2016  0      7.5    35     3 
04/05/2016  0      6.9    36.5   3 
05/05/2016  0      8      36     4 
06/05/2016  0      6.1    36     6 
07/05/2016  0      4.4    35.5   6.5 
08/05/2016  0      5.6    33     6 
09/05/2016  0      3      35     6.5 
10/05/2016  0      5.4    36     4 
11/05/2016  0      3.6    36     5.5 
12/05/2016  0      3.9    37     7 
13/05/2016  0      4      37     7 
14/05/2016  0      5.3    35.5   6.5 
15/05/2016  0      4.8    33.5   5 
16/05/2016  0      6.1    36     6 
17/05/2016  0      3.3    30     3.5 
18/05/2016  0      5.7    30     3 
19/05/2016  0      4.4    30     2 
20/05/2016  0      6.6    31     4 
21/05/2016  0      4.2    30     3 
22/05/2016  0      5.8    32     8 
23/05/2016  0      5.9    31     3 
24/05/2016  0      5      32     2 
25/05/2016  0      6      33     6 
26/05/2016  0      4.3    32     4 
27/05/2016  0      4.2    31     6 
28/05/2016  0      6.5    31     5.5 
29/05/2016  4      5.1    33     4.5 
30/05/2016  10     7.5    35     6 
31/05/2016  0      9.9    35     4 
01/06/2016  0      5      33     8 
02/06/2016  0      4      33     4 
03/06/2016  0      4.5    33     6 
04/06/2016  0      4.5    32     6 
05/06/2016  0      5      31     6 
06/06/2016  0      4.1    31     5 
07/06/2016  0      4      31     7 
08/06/2016  0      4.5    31     4 
09/06/2016  0      4.9    31     8 
10/06/2016  0      5.6    33     6 
11/06/2016  0      4.6    36     3 
12/06/2016  0      4.7    36     6 
13/06/2016  2      3.1    31     3.5 
14/06/2016  5      4.6    31     6 
15/06/2016  8      3.8    33     7 
16/06/2016  6      3.5    29     8.5 
17/06/2016  0      2      31     6 
18/06/2016  5      5.1    31     4.5 
19/06/2016  30     9      31     6 
20/06/2016  11     8.5    31     5 
21/06/2016  10     7.9    31.5   9 
22/06/2016  30     3.6    33     8 
23/06/2016  17     11.6   30     7 
24/06/2016  10     7.7    31     6 
25/06/2016  0      7      30     7 
26/06/2016  4      3.2    30     6 
27/06/2016  50     5.1    31     5 
28/06/2016  4      4.1    31     9.5 
29/06/2016  0      3.9    30     5.5 
30/06/2016  0      4.2    30     6 
01/07/2016  0      4.8    29     8 
02/07/2016  0      4.2    29     8.5 
03/07/2016  31     3.7    26     7 
04/07/2016  0      3.2    27     11 
05/07/2016  0      2.8    26     12 
06/07/2016  3      3      26     13 
07/07/2016  0      2.6    27.5   13 
08/07/2016  0      2.2    26     13 
09/07/2016  0      2.8    27     13.5 
10/07/2016  0      4.1    27     11 
11/07/2016  0      5      27     11 
12/07/2016  0      4.3    27.5   9.5 
13/07/2016  0      4.3    27     9 
14/07/2016  0      3.9    27     9 
15/07/2016  0      4.1    27     9 
16/07/2016  0      2.9    27     9.5 
17/07/2016  0      4.1    27.5   10.5 
18/07/2016  26     2.8    26.5   11.5 
19/07/2016  6      3.5    27     12 
20/07/2016  30     3.2    27     14 
21/07/2016  0      7.6    27     11 
22/07/2016  1.5    12     27.5   10 
23/07/2016  3      9.8    27     10 
24/07/2016  20     8.4    27     10 
25/07/2016  4      4.4    27.5   10.5 
26/07/2016  10     4      27     13.5 
27/07/2016  0      4      28     13 
28/07/2016  0      4.9    28     12 
29/07/2016  0      4.9    29     13 
30/07/2016  0      4      30     11 
31/07/2016  0      4      30     14 
01/08/2016  0      4      29     12 
02/08/2016  0      3.4    30     8.5 
03/08/2016  0      2.5    30     9 
04/08/2016  0      3.3    30     10.5 
05/08/2016  4      4      29     9 
06/08/2016  2      2      28     10 
07/08/2016  0.5    3      29     11.5 
08/08/2016  15     3      31     11 
09/08/2016  42     7.5    28.5   10 
10/08/2016  2      3.7    22.5   11 
11/08/2016  3      1.7    29     9.5 
12/08/2016  2      1.6    28.5   10 
13/08/2016  0      1.5    29.5   10 
14/08/2016  0      3.5    29     9.5 
15/08/2016  8      3      28     8.5 
16/08/2016  0      3      29     8 
17/08/2016  0      2.9    29     9 
18/08/2016  0      3.4    28     9 
19/08/2016  0      3.5    27.5   9.5 
20/08/2016  19     2.6    28.5   9 
21/08/2016  0      8.8    28.5   10 
22/08/2016  5      4.2    28.5   11 
23/08/2016  5      6.5    28.5   10 
24/08/2016  2      4.3    29     10 
25/08/2016  4      2      29     11 
26/08/2016  0      2.5    29.5   10 
27/08/2016  1.5    3.1    29     9.5 
28/08/2016  0      2.4    28     10.5 
29/08/2016  0      3.5    29     7 
30/08/2016  0      2.6    28     7 
31/08/2016  0      3.5    28     7.5 
01/09/2016  4      4      28     8.5 
02/09/2016  20     5      29     9 
03/09/2016  8      9.6    29     10 
04/09/2016  50     5      30     8 
05/09/2016  0      1.1    27.5   7 
06/09/2016  10     3      27     10.5 
07/09/2016  3      8.2    28     11 
08/09/2016  10     6.9    29     12 
09/09/2016  20     5.6    27     11 
10/09/2016  6      9      28     10 
11/09/2016  10     3.4    29.5   11 
12/09/2016  4      6.6    28     10 
13/09/2016  8      4      29     8 
14/09/2016  4      0.4    29     9.5 
15/09/2016  7      4.1    29     11.5 
16/09/2016  11     3      28.5   11.5 
17/09/2016  14     7.1    28.5   12 
18/09/2016  9      6.9    29     9 
19/09/2016  4      2      28     12 
20/09/2016  85     4.5    30     9 
21/09/2016  10     4.3    29.5   10.5 
22/09/2016  0      4.2    29     9 
23/09/2016  0      4.8    29     11 
24/09/2016  0      3.6    28     9 
25/09/2016  0      4.4    29     9 
26/09/2016  0      3.1    26     9 
27/09/2016  1.5    4      28     7 
28/09/2016  0.5    0.7    27.5   7 
29/09/2016  0      5.4    27.5   6.5 
30/09/2016  0      3      27.5   6.5 
01/10/2016  0      3.8    36     3 
02/10/2016  10.3   6      37     4 
03/10/2016  0      3.2    32     3 
04/10/2016  7      4      37     3 
05/10/2016  1      1      27     7 
06/10/2016  0      4.4    26.5   3 
07/10/2016  0      3.7    36     3 
08/10/2016  0      4.1    37     4.6 
09/10/2016  0      3.3    30.5   3.5 
10/10/2016  0      4.6    29     1 
11/10/2016  0      3.5    29.5   1 
12/10/2016  0      2.3    29     1 
13/10/2016  0      3.8    29.5   1 
14/10/2016  0      4.5    32     0.5 
15/10/2016  0      6.2    33     2 
16/10/2016  0      4.6    33     2 
17/10/2016  0      6.6    33.5   3 
18/10/2016  0      0.8    33     3 
19/10/2016  0      3.2    33     2.5 
20/10/2016  0      2.2    33     3 
21/10/2016  0      4.8    29     3 
22/10/2016  0      4      29     2.5 
23/10/2016  0      1.6    29     2 
24/10/2016  0      3      33     3 
25/10/2016  0      4.2    33     2.5 
26/10/2016  0      4      33     3 
27/10/2016  0      4.2    33     3 
28/10/2016  0      1.2    32.5   3 
29/10/2016  0      3.8    33     3 
30/10/2016  0      3      32     2 
31/10/2016  0      3.8    32     2 
01/11/2016  0      3      33     1 
02/11/2016  0      5.2    33     0.5 
03/11/2016  0      6      33.5   1 
04/11/2016  0      2.5    33     1 
05/11/2016  0      4.5    33     0.5 
06/11/2016  0      3.2    33.5   1 
07/11/2016  0      4      33.5   1.5 
08/11/2016  0      3.2    33.5   1 
09/11/2016  0      0.7    33.5   1 
10/11/2016  0      1.1    33     1 
11/11/2016  2.5    2      34     1 
12/11/2016  68.2   2.5    32     1 
13/11/2016  2      11.1   33.5   1 
14/11/2016  0      2      33.5   1 
15/11/2016  0      5      33     1 
16/11/2016  0      1.6    33     1 
17/11/2016  0      3.1    34     1.5 
18/11/2016  0      7      33.5   1 
19/11/2016  0      2      33     1 
20/11/2016  0      4.5    33     1 
21/11/2016  0      1      33.5   1 
22/11/2016  0      3.6    33     0 
23/11/2016  0      3      33     1 
24/11/2016  0      2.2    32     1 
25/11/2016  0      2.2    33.5   1 
26/11/2016  0      5      33.5   1 
27/11/2016  0      3.7    30.3   1 
28/11/2016  0      3.1    33.5   1 
29/11/2016  0      3.2    33.5   0.5 
30/11/2016  0      2.5    33.5   1 
01/12/2016  0      1.1    33     1 
02/12/2016  0      0.2    33.5   2 
03/12/2016  2.5    3.8    33     3 
04/12/2016  2      2.5    33     2 
05/12/2016  0      2      34     2 
06/12/2016  0      2.6    34    -1 
07/12/2016  0      2.8    33.5  -2 
08/12/2016  0      3.5    33     1 
09/12/2016  0      2.5    33     1 
10/12/2016  0      2.1    33.5   1 
11/12/2016  0      2.9    33     0.5 
12/12/2016  0      2      31     1 
13/12/2016  0      5.1    33.5   1 
14/12/2016  0      3.6    33.5   0.5 
15/12/2016  0      4.2    33.5   1 
16/12/2016  0      1.1    33     3 
17/12/2016  0      3.5    33     3 
18/12/2016  0      5.3    33.5   2 
19/12/2016  0      5      35     1 
20/12/2016  0      7.7    33     2 
21/12/2016  0      3.3    33     1.5 
22/12/2016  0      2.1    33.5   1 
23/12/2016  0      1.1    27     1 
24/12/2016  0      0.3    33     1 
25/12/2016  0      1.7    33.5   1 
26/12/2016  0      2      33     1 
27/12/2016  0      2.4    29     1 
28/12/2016  0      2.6    28     1 
29/12/2016  0      4.2    28     1 
30/12/2016  0      6.6    38.5   1 
31/12/2016  0      2.2    38.5   1 
01/04/2017  0      3      31.5   4.5 
02/04/2017  0      6      31     4 
03/04/2017  0      5      31.5   3 
04/04/2017  0      5.3    33     4 
05/04/2017  0      5.7    33     3 
06/04/2017  0      4.2    33     3.5 
07/04/2017  0      6.8    33     4 
08/04/2017  0      5.1    33.5   3.5 
09/04/2017  0      4.5    33     3.5 
10/04/2017  0      6.5    33     3 
11/04/2017  0      3.5    33.5   3 
12/04/2017  0      4.5    33     3.5 
13/04/2017  0      6.4    33     4 
14/04/2017  0      5.6    33.5   6 
15/04/2017  0      3.9    33     6 
16/04/2017  0      4      33.5   6 
17/04/2017  0      3.3    33     6 
18/04/2017  0     Nulo    33.5   6 
19/04/2017  0      6      33     6 
20/04/2017  0      3.8    33     6 
21/04/2017  0      5.3    33.5   6 
22/04/2017  0      4.7    33     6 
23/04/2017  0      6.1    33     6 
24/04/2017  0      4.9    33     3 
25/04/2017  0      3.6    33     3 
26/04/2017  0      4.4    33.5   3 
27/04/2017  0      6      33     3 
28/04/2017  0      8      33     3 
29/04/2017  0      5.2    33.5   3.5 
30/04/2017  0      4.9    33     3 
01/08/2017  0      3.8    33.5   4 
02/08/2017  5      5      36     4 
03/08/2017  2      4      35.5   6 
04/08/2017  3      3      34.5   6.5 
05/08/2017  36     5.2    36     6 
06/08/2017  20     6.1    36     7 
07/08/2017  7      4.2    36     7 
08/08/2017  0      2.8    36     5 
09/08/2017  2      5.2    36     5.5 
10/08/2017  1      3.7    36     6 
11/08/2017  2      5.8    36     5.5 
12/08/2017  15     2.5    35     5 
13/08/2017  3      6      36     5 
14/08/2017  0      2.8    36     6 
15/08/2017  0      3      35.5   6 
16/08/2017  20.2   4.4    36     6 
17/08/2017  19     5.9    35.5   5.5 
18/08/2017  14     3      35.5   5.5 
19/08/2017  0      2.8    36     5.5 
20/08/2017  0      3      36     6 
21/08/2017  0      2      36     6 
22/08/2017  9      5      36     6 
23/08/2017  3      5.5    36     5 
24/08/2017  0      3.8    35.5   5 
25/08/2017  4      4      36     5 
26/08/2017  0      3.1    36.5   5 
27/08/2017  0      3      35.5   6.5 
28/08/2017  4      4      36     6 
29/08/2017  0      6.3    36     6 
30/08/2017  0      6.4    35     6 
31/08/2017  9      6.4    36     6 
01/09/2017  3      5.2    36     5 
02/09/2017  0      2.6    36     5 
03/09/2017  20     4.4    36     6 
04/09/2017  19     3.2    36     5.5 
05/09/2017  10     4.6    36     5 
06/09/2017  11     5.1    35.5   5.5 
07/09/2017  0      2.8    36     5 
08/09/2017  0      3      36     5.5 
09/09/2017  0      3.1    36     5 
10/09/2017  0      3      36     5.5 
11/09/2017  0      3.2    36     5 
12/09/2017  0      3.3    35.5   5 
13/09/2017  0      4.9    36     5 
14/09/2017  0      3.5    36     5 
15/09/2017  0      3.1    36     5 
16/09/2017  8      8      36     5 
17/09/2017  3      3      36     5 
18/09/2017  11     4.2    36     5 
19/09/2017  0      4.1    36     5.5 
20/09/2017  0      4.7    35     5 
21/09/2017  10     2.9    34.5   4.5 
22/09/2017  9      4.1    34     4.5 
23/09/2017  5      6.6    31     4 
24/09/2017  20     8.4    32     4 
25/09/2017  5      6      34     5 
26/09/2017  10     6.2    34     4.5 
27/09/2017  4      2      34.5   4.5 
28/09/2017  0      2.8    34     5.5 
29/09/2017  1      5      32.5   5 
30/09/2017  0      6      31     5 
01/10/2017  0      3.1    28     2 
02/10/2017  0      3.9    28.5   4 
03/10/2017  0      1.6    28     7 
04/10/2017  0      4.5    29     8.5 
05/10/2017  0      2      28.5   1 
06/10/2017  0      5      28.5   1 
07/10/2017  12     8      29     1 
08/10/2017  0      7.4    20     1 
09/10/2017  0      6.6    29     1 
10/10/2017  2      2      20     1 
11/10/2017  0      0.5    28     1 
12/10/2017  0      2.6    29     1 
13/10/2017  0      2      29     1 
14/10/2017  12     8      29.5   1 
15/10/2017  0      8      29     1 
16/10/2017  0      2.5    29     5 
17/10/2017  0      4.3    28.5   4 
18/10/2017  0      1.9    20     4.5 
19/10/2017  0      2.4    28.5   5.5 
20/10/2017  0      3.6    38.5   4.5 
21/10/2017  0      3.5    29     5 
22/10/2017  0      2.8    30     3 
23/10/2017  0      2.5    31     3 
24/10/2017  0      3.4    31     3 
25/10/2017  0      2.7    30.5   4 
26/10/2017  0      3.3    31     1 
27/10/2017  0      3      30.5   2 
28/10/2017  0      4      31     1 
29/10/2017  0      3.3    30.5   2 
30/10/2017  0      3.7    31     2.5 
31/10/2017  0      4.4    29     1.5 
01/02/2018  0      3.8    25     1 
02/02/2018  0      3.1    29    -1 
03/02/2018  0      6.9    28.5  -0.5 
04/02/2018  0      3.1    29    -0.5 
05/02/2018  0      3      28.5  -0.5 
06/02/2018  0      5      29    -0.5 
07/02/2018  0      3.3    29    -0.5 
08/02/2018  0      3.8    29     3 
09/02/2018  0      3.5    29     6 
10/02/2018  0      5.4    29     6 
11/02/2018  0      3.4    29     4 
12/02/2018  0      4.7    29     2 
13/02/2018  0      4      29    -1 
14/02/2018  0      4.3    22    -1 
15/02/2018  0      3.9    27    -1 
16/02/2018  0      2      28    -1 
17/02/2018  0      4      29    -1 
18/02/2018  0      4.1    29    -4 
19/02/2018  0      3.3    30    -1 
20/02/2018  0      1.4    30    -1 
21/02/2018  0      4.6    29    -1 
22/02/2018  0      5.9    30    -1 
23/02/2018  0      3      29.5  -1 
24/02/2018  0      3.4    28    -1 
25/02/2018  0      4.6    29    -1 
26/02/2018  0      5.8    30    -1 
27/02/2018  0      3.9    31     0 
28/02/2018  0      5      31     3.5 
01/03/2018  0      4.3    31     9 
02/03/2018  0      4      34     8 
03/03/2018  0      4      34     9 
04/03/2018  0      5      36     9 
05/03/2018  0      6      33.5   8 
06/03/2018  0      4      35     8.5 
07/03/2018  0      3      36     8 
08/03/2018  0      3.3    36     8 
09/03/2018  0      4.7    35     8 
10/03/2018  0      5      36     8 
11/03/2018  0      4      34     8.5 
12/03/2018  0      4.1    36     7.5 
13/03/2018  0      4      35.5   8 
14/03/2018  0      5.9    35     8 
15/03/2018  0      4.1    36     8 
16/03/2018  0      4.4    35.5   8 
17/03/2018  0      6.2    35     7 
18/03/2018  0      4.4    36     7.5 
19/03/2018  0      5      35     8.5 
20/03/2018  0      4.2    36     8 
21/03/2018  0      6.9    35     8.5 
22/03/2018  0      5.8    34.5   8 
23/03/2018  0      3.9    35     7.5 
24/03/2018  0      5.5    34.5   8 
25/03/2018  0      5.1    33.5   8 
26/03/2018  0      4.5    32.5   8 
27/03/2018  0      5.5    31     9 
28/03/2018  0      5.2    32     8 
29/03/2018  0      6.8    31     8 
30/03/2018  0      4      31     8 
31/03/2018  0      4.1    31     9 
01/04/2018  0      4.8    28     5 
02/04/2018  0      3.9    29.5   5 
03/04/2018  0      6      29     5 
04/04/2018  0      5.9    30     5 
05/04/2018  0      4.8    30     5 
06/04/2018  0      5.2    30     5 
07/04/2018  0      5.4    31     5.5 
08/04/2018  0      6.1    31     6 
09/04/2018  0      6.6    31     6.5 
10/04/2018  0      6      31.5   6 
11/04/2018  0      5.1    31     8 
12/04/2018  0      5.5    31     7 
13/04/2018  0      6.5    31     8 
14/04/2018  0      4.9    31     8 
15/04/2018  0      6.1    30     7 
16/04/2018  0      5.9    31     7 
17/04/2018  0      6.1    29     7 
18/04/2018  0      4.8    30     7 
19/04/2018  0      4      30     5.5 
20/04/2018  0      5.2    30     6 
21/04/2018  0      6.3    31     6 
22/04/2018  0      5.9    31.5   6.5 
23/04/2018  0      7.5    31     6 
24/04/2018  0      6      31.5   6.5 
25/04/2018  0      9.5    31.5   6 
26/04/2018  0      3.8    31.5   6.5 
27/04/2018  0      6.1    31     6 
28/04/2018  0      6.5    31     6 
29/04/2018  0      5.6    31     6 
30/04/2018  0      7.4    31     6 
01/05/2018  0      2.8    35     3.5 
02/05/2018  0      2.1    37     3 
03/05/2018  0      6      37     3 
04/05/2018  0      4      35.5   3 
05/05/2018  0      5      35.5   4 
06/05/2018  0      8      35     4 
07/05/2018  0      6.1    36     6 
08/05/2018  0      4.4    36     6 
09/05/2018  0      5.6    34     6 
10/05/2018  0      3      34.5   6 
11/05/2018  0      3.4    34     4.5 
12/05/2018  0      3.6    36     5 
13/05/2018  5      3.9    36     6.5 
14/05/2018  0      5      36     6.5 
15/05/2018  0      10     35.5   6 
16/05/2018  5      5.3    36     6.5 
17/05/2018  0      5      36     6 
18/05/2018  20     5      35.5   4.5 
19/05/2018  0      7.3    34     5.5 
20/05/2018  0      5.1    36     6 
21/05/2018  0      6      31.5   3.5 
22/05/2018  0      6.6    31     3.5 
23/05/2018  0      3.2    31.5   3 
24/05/2018  0      6.7    32     6 
25/05/2018  0      6.1    32     6 
26/05/2018  0      4.4    31.5   6 
27/05/2018  0      5.6    31     8 
28/05/2018  0      5.1    31     5.5 
29/05/2018  6      5.8    32     5 
30/05/2018  0      6      32     5.5 
31/05/2018  0      6      32     6 
01/08/2018  5      2.8    30     6 
02/08/2018  4      2.2    30.5   6 
03/08/2018  3      4      30.5   6.5 
04/08/2018  0      3      30     5.5 
05/08/2018  3      2.8    30     5 
06/08/2018  0      3      30     5.5 
07/08/2018  4      3      30     6 
08/08/2018  2      4      30     6 
09/08/2018  0      2      30     5.5 
10/08/2018  3      2.9    30     5 
11/08/2018  10     3      30.5   6 
12/08/2018  0      10     30     5.5 
13/08/2018  10     10     30     6 
14/08/2018  0      10     30     5 
15/08/2018  0      2      30.5   6 
16/08/2018  7      3      30     7 
17/08/2018  0      5.1    30     5 
18/08/2018  0      3.9    30     5.5 
19/08/2018  0      1.6    30     5 
20/08/2018  0      4.5    30     5 
21/08/2018  19     5.6    31     6 
22/08/2018  3      3.2    30.5   5 
23/08/2018  5      3      30.5   5 
24/08/2018  9      5      30     5 
25/08/2018  0      9      30     5 
26/08/2018  0      2      30     5 
27/08/2018  10     4.9    30.5   5 
28/08/2018  9      4      30     5 
29/08/2018  0      9      30     7 
30/08/2018  0      2.1    30     6 
31/08/2018  0      4.1    30     6 
01/09/2018  1      1      30.5   6 
02/09/2018  0      2.8    30     6 
03/09/2018  0      2.6    30     6 
04/09/2018  0      0.9    31     7 
05/09/2018  0      3.3    31     9 
06/09/2018  0.5    3.2    31     9 
07/09/2018  0      2.4    30.5   9 
08/09/2018  0      3.6    31     9 
09/09/2018  2      4.1    31     9 
10/09/2018  4.2    7.1    31     9 
11/09/2018  16.5   5.9    31     9 
12/09/2018  15.7   4.7    31     9 
13/09/2018  7.5    0.8    31     9 
14/09/2018  0      6      31     9 
15/09/2018  5      5      31     9 
16/09/2018  7      5      31     9 
17/09/2018  15     7      31     9 
18/09/2018  0      4.4    31     9 
19/09/2018  0      0.8    31     9 
20/09/2018  0      3      31     9 
21/09/2018  0      1      32     9 
22/09/2018  45.5   2.9    31.5   9 
23/09/2018  7      7      32     9 
24/09/2018  0      7      32     8.5 
25/09/2018  0      6.9    32     9 
26/09/2018  0      3      32     9 
27/09/2018  0      2      31.5   8.5 
28/09/2018  0      1.5    32     9 
29/09/2018  0      2.5    31.5   9 
30/09/2018  0      3      32     9 
--------------------------------------
