CNA-SMN-CG-GMC-SMAA-CLIMATOLOGIA
BASE DE DATOS CLIMATOLOGICA
DATOS DISPONIBLES EN LA BASE DE DATOS A MARZO 2020;CON LA INFORMACION SUMINISTRADA POR LAS OFICINAS REGIONALES
 
ESTACION  : 14390
NOMBRE    : EL CORCOVADO
ESTADO    : JALISCO
MUNICIPIO : AUTLAN DE NAVARRO
SITUACIÓN : OPERANDO
ORGANISMO : CONAGUA-DGE
CVE-OMM   : Nulo
LATITUD   : 019.846°
LONGITUD  : -104.284°
ALTITUD   : 900 msnm
 
EMISION   : 06/04/2020 
 
           PRECIP  EVAP   TMAX   TMIN
  FECHA     (MM)   (MM)   (°C)   (°C)
01/01/2008  0      4.5    33     13 
02/01/2008  0      7.9    29     12 
03/01/2008  0      5.3    30     15 
04/01/2008  0      5.4    32     12 
05/01/2008  0      2.5    33     11 
06/01/2008  0      2.8    32     9 
07/01/2008  0      4.1    32     9 
08/01/2008  0      4.1    32     9 
09/01/2008  0      4.2    32     9 
10/01/2008  0      4      31     8 
11/01/2008  0      3.4    27     8 
12/01/2008  0      4.2    31     8 
13/01/2008  0      4      32     7 
14/01/2008  0      3.6    30     8 
15/01/2008  0      4.1    29     11 
16/01/2008  0      4.1    28     9 
17/01/2008  0      4.2    27     7.5 
18/01/2008  0      4.2    29     8 
19/01/2008  0      4.2    39     11 
20/01/2008  0      4.2    31     11 
21/01/2008  0      5.2    32     11 
22/01/2008  0      3.3    30     13 
23/01/2008  0      5.6    35     11 
24/01/2008  0      3.3    33     12 
25/01/2008  0      4.2    32     13 
26/01/2008  0      4.5    34     13 
27/01/2008  0      4.4    33     12 
28/01/2008  0      4.9    33     13 
29/01/2008  0      4.7    34.3   13 
30/01/2008  0      4.7    31     12.5 
31/01/2008  0      4.5    32     12 
01/02/2008  0      5.1    32     11 
02/02/2008  0      5.1    33     9 
03/02/2008  0      5.2    33     10 
04/02/2008  0      5.2    32     11 
05/02/2008  0      5.2    33     10 
06/02/2008  0      5.6    32     10 
07/02/2008  0      4.2    31     10 
08/02/2008  0      4.4    31     13 
09/02/2008  0      5      33     13 
10/02/2008  0      4.9    33     13 
11/02/2008  0      5.7    34     13 
12/02/2008  0      4.9    32     11 
13/02/2008  0      6.1    32     11 
14/02/2008  0      6      31     9 
15/02/2008  0      6      33     10 
16/02/2008  0      5.7    34     9 
17/02/2008  0      5.7    34     9 
18/02/2008  0      5.5    33     9 
19/02/2008  0      5.7    33     8 
20/02/2008  0      5.1    33     8 
21/02/2008  0      5.1    34     9 
22/02/2008  0      5.8    34     9 
23/02/2008  0      5.8    36     10.5 
24/02/2008  0      5.8    37     11 
25/02/2008  0      5      34     11 
26/02/2008  0      6.4    34     10 
27/02/2008  0      6.6    35     9 
28/02/2008  0      6.1    32     10 
29/02/2008  0      6.4    33     10 
01/03/2008  0      5.9    35     12 
02/03/2008  0      5.9    34     10 
03/03/2008  0      5.5    34     9 
04/03/2008  0      4.8    32     9 
05/03/2008  0      6.7    33     9 
06/03/2008  0      6.9    33     7 
07/03/2008  0      4.7    34     8 
08/03/2008  0      4.7    30     7 
09/03/2008  0      4.8    33     6 
10/03/2008  0      7.5    33     8 
11/03/2008  0      6.8    35     12.5 
12/03/2008  0      7.4    35     11 
13/03/2008  0      7.8    34     9 
14/03/2008  0      7.4    34     11 
15/03/2008  0      6.6    34     9.5 
16/03/2008  0      6.4    35     8 
17/03/2008  0      6.4    32     9 
18/03/2008  0      7.5    31     9 
19/03/2008  0      6.4    31     10 
20/03/2008  0      6.4    32     10 
21/03/2008  0      6.4    31     10 
22/03/2008  0      6.4    30     11 
23/03/2008  0      6.7    32     10 
24/03/2008  0      6.8    33     11 
25/03/2008  0      6.9    33     12 
26/03/2008  0      6.9    31     11 
27/03/2008  0      7      23     11 
28/03/2008  0      7      33     12 
29/03/2008  0      7.1    31     12 
30/03/2008  0      7.1    32     10 
31/03/2008  0      7.8    34     11 
01/04/2008  0      7.7    36.5   10 
02/04/2008  0      7.2    36     12 
03/04/2008  0      7.6    38     12 
04/04/2008  0      7      35     11 
05/04/2008  0      7.1    33     14 
06/04/2008  0      7      34     15 
07/04/2008  0      7.1    35     15 
08/04/2008  0      12.6   33.5   15 
09/04/2008  0      2.3    34     13.5 
10/04/2008  0      7.3    35     13 
11/04/2008  0      7.5    38     14 
12/04/2008  0      7.5    35     15 
13/04/2008  0      7.5    36     14 
14/04/2008  0      7.6    37     13 
15/04/2008  0      7.1    36     14 
16/04/2008  0      8.6    37     17 
17/04/2008  0      7.8    36     12 
18/04/2008  0      8.3    38     13 
19/04/2008  0      8.6    39     14 
20/04/2008  0      8.3    39     16 
21/04/2008  0      8.9    38.5   14 
22/04/2008  0      8.4    38     14 
23/04/2008  0      7.5    38.5   14 
24/04/2008  0      9.3    37     15 
25/04/2008  0      8.7    37     14 
26/04/2008  0      8.3    38     14 
27/04/2008  0      8.7    39     13 
28/04/2008  0      9.2    38.5   15 
29/04/2008  0      9.8    35     14 
30/04/2008  0      8.7    38     14 
01/05/2008  0      9      37     13 
02/05/2008  0      9.4    37     13 
03/05/2008  0      8.5    37     13 
04/05/2008  0      8.5    32     13 
05/05/2008  0      8.6    37     14 
06/05/2008  0      7.9    35     16 
07/05/2008  0      7.3    37     18 
08/05/2008  0      7.3    36     15 
09/05/2008  0      6.9    38     16 
10/05/2008  0      6.9    37     18 
11/05/2008  0      6.9    37     18 
12/05/2008  0      6.6    37     18 
13/05/2008  1      8.4    36     17 
14/05/2008  0      8.2    37     16.5 
15/05/2008  0      7.3    36     17.5 
16/05/2008  0      7.3    36     17 
17/05/2008  0      8.1    36     17 
18/05/2008  0      8.1    36     16 
19/05/2008  0      7.6    35     17 
20/05/2008  0      7.4    36     17 
21/05/2008  0      7.7    33     15 
22/05/2008  0      8.1    31     15.5 
23/05/2008  0      7.1    34     13 
24/05/2008  0      7.1    36     14.5 
25/05/2008  0      7.1    36     15 
26/05/2008  0      5.6    35     18 
27/05/2008  0      7.9    34     19 
28/05/2008  4.5    7.9    34     20 
29/05/2008  0      7.9    36     21 
30/05/2008  0      7.7    35     19 
31/05/2008  0      7.1    37     20 
01/06/2008  0      7.1    37     18.5 
02/06/2008  0      7.6    38     18 
03/06/2008  0      8.4    37     19 
04/06/2008  0      7.8    34     19 
05/06/2008  0      7.8    34     19 
06/06/2008  0      7.8    35     21 
07/06/2008  0      7.4    35     22 
08/06/2008  0      7.3    35     20 
09/06/2008  0      6.2    36     21 
10/06/2008  20     0.8    26     21 
11/06/2008  2      6.2    31     20 
12/06/2008  0      3.4    30     20 
13/06/2008  0      6.8    34     21 
14/06/2008  12.7   6.1    34     22 
15/06/2008  15.5   5.7    33     20 
16/06/2008  0      6.5    34     19 
17/06/2008  0      7.4    35     19 
18/06/2008  0      6.5    36     20 
19/06/2008  0      3.1    34     22 
20/06/2008  16.4   7.2    35     21.5 
21/06/2008  13.2   4.6    32     19 
22/06/2008  25.1   6.1    31     20 
23/06/2008  0      5.7    32     19 
24/06/2008  1.5    5.9    35     21 
25/06/2008  1.2    4.5    34     20 
26/06/2008  0      5.4    34     20 
27/06/2008  0      6      33     21 
28/06/2008  0      5.6    34     22 
29/06/2008  0      5.6    34     21 
30/06/2008  6.3    5.6    34     22 
01/07/2008  0      4.7    32     21 
02/07/2008  2.2    3.6    30     21 
03/07/2008  0      3.6    29     20 
04/07/2008  3.6    6.1    33     20 
05/07/2008  32.5   8.3    33     20 
06/07/2008  4      2.6    31     20.5 
07/07/2008  3.8    2      26     21 
08/07/2008  23.6   3.3    27     21 
09/07/2008  6      0.8    25     20.5 
10/07/2008  0      4.3    32     21 
11/07/2008  0      3.6    31     21 
12/07/2008  5      2.1    30     19 
13/07/2008  48     1.2    33     19 
14/07/2008  0      3.9    31     19 
15/07/2008  2.5    5.7    32.5   20 
16/07/2008  21     6.8    34     19.5 
17/07/2008  0.2    4.9    32     19.5 
18/07/2008  0.2    5      32     20 
19/07/2008  0      4.7    35     20 
20/07/2008  12.7   3.8    35     20 
21/07/2008  0      6.1    34     20 
22/07/2008  0      4.6    32     21.5 
23/07/2008  0      4.4    32.5   20 
24/07/2008  0      5.9    34     21 
25/07/2008  27.6   3.6    32     21.5 
26/07/2008  0      5.7    35     20 
27/07/2008  0      5.6    34     20 
28/07/2008  0      5.6    34     19.5 
29/07/2008  0      4.8    33     19.5 
30/07/2008  0      4      33.5   20 
31/07/2008  0      5.4    33     19 
01/08/2008  0      6.7    32     20 
02/08/2008  0      4.2    34     20 
03/08/2008  0      4.3    34     20 
04/08/2008  0.5    5      34     19.5 
05/08/2008  5      4.7    33     21 
06/08/2008  12.7   4.6    33     20 
07/08/2008  0      2.3    33     20 
08/08/2008  5.3    3.9    33     19 
09/08/2008  0      5.1    33     17 
10/08/2008  0      5.1    33.5   18 
11/08/2008  0      3.9    33     17.5 
12/08/2008  5.9    3.5    32     20 
13/08/2008  0      6.1    33     19 
14/08/2008  5.2    5      33     20 
15/08/2008  0      3.6    33     21 
16/08/2008  7.1    4.5    33     20 
17/08/2008  0      4.5    33     20 
18/08/2008  0      5.2    34     19 
19/08/2008  0      5.6    33     20 
20/08/2008  0      2.3    30     21 
21/08/2008  0      5.9    32     22 
22/08/2008  18.5   4.2    34     20 
23/08/2008  5      5.2    30     21 
24/08/2008  0      6.2    32     20 
25/08/2008  0      4.9    32     19.5 
26/08/2008  8      3.4    31     21 
27/08/2008  2.9    4.5    32     21 
28/08/2008  0      5.2    32     20 
29/08/2008  2.5    4.6    33.5   20 
30/08/2008  0      4.5    34     22 
31/08/2008  0      4.4    34     22 
01/01/2009  0      4.5    32     11 
02/01/2009  0      4.2    33     11 
03/01/2009  0      3.4    31     12 
04/01/2009  0      3.3    31     10 
05/01/2009  0      7.1    31     10 
06/01/2009  0      4.3    30     11 
07/01/2009  0      3.8    31     12 
08/01/2009  0      3.3    32     11 
09/01/2009  0      3.5    32.5   11 
10/01/2009  0      2.5    33     10.5 
11/01/2009  0      3      33     11 
12/01/2009  0      4.1    32     10 
13/01/2009  0      3.9    32     12 
14/01/2009  0      3.6    32     12 
15/01/2009  0      3.2    32     13 
16/01/2009  0      5.6    32     13 
17/01/2009  0      6.1    33     15 
18/01/2009  0      4.6    32     14 
19/01/2009  0      4      32     15 
20/01/2009  0      2      32     17 
21/01/2009  0      3.9    32     16 
22/01/2009  0      3.9    33     15 
23/01/2009  0      4.4    35     16 
24/01/2009  0      4.4    34     18 
25/01/2009  0      4.3    34     18 
26/01/2009  0      4.3    31     17 
27/01/2009  0      3.8    32     14 
28/01/2009  0      5.3    35     14 
29/01/2009  0      4.9    32     13 
30/01/2009  0      4.9    32     13 
31/01/2009  0      5.1    33     13 
01/02/2009  0      0.7    31     14 
02/02/2009  0      5      32     11 
03/02/2009  0      6.5    33     11 
04/02/2009  0      5.9    34     12 
05/02/2009  0      7.5    33     15 
06/02/2009  0      8.4    34     15 
07/02/2009  0      8      33     16 
08/02/2009  0      8      33     14 
09/02/2009  0      6.3    33     13 
10/02/2009  0      7.2    30     11 
11/02/2009  0      7.2    32     11 
12/02/2009  0      6.2    33     11 
13/02/2009  0      6.2    32     12 
14/02/2009  0      5.8    32     11 
15/02/2009  0      5.8    33     11 
16/02/2009  0      5.1    33     12 
17/02/2009  0     Nulo   Nulo    13 
01/03/2009  0      6.7   Nulo   Nulo
02/03/2009  0      6.7   Nulo   Nulo
03/03/2009  0      6.7    36    Nulo
04/03/2009  0      6      35     14 
05/03/2009  0      5.7    35     15 
06/03/2009  0      6.4    33     16 
07/03/2009  0      6.8    34     12 
08/03/2009  0      6.8    35     11 
09/03/2009  0      6.5    35     12 
10/03/2009  0      5.1    35     12 
11/03/2009  0      5.1    34     13 
12/03/2009  0      6.8    34     13 
13/03/2009  0      6.2    33     13 
14/03/2009  0      6.8    36     13 
15/03/2009  0      6.8    35     10 
16/03/2009  0      6.8    35     11 
17/03/2009  0      6.7    34     11 
18/03/2009  0      6.3    35     15 
19/03/2009  0      6.8    35     14 
20/03/2009  0      6.8    35     15 
21/03/2009  0      6.8    36     16 
22/03/2009  0      6.8    36     15 
23/03/2009  0      6.8    36     15 
24/03/2009  0      6.9    34     13 
25/03/2009  0      6.7    33     13 
26/03/2009  0      5.7    32     12 
27/03/2009  0      7.7    32     12 
28/03/2009  0      7.2    33     14 
29/03/2009  0      7.2    32     12 
30/03/2009  0      6.5    32     11 
31/03/2009  0      6.6    33     12 
01/04/2009  0      6.6    34     12 
02/04/2009  0      6.8    34     13 
03/04/2009  0      6.7    32     11 
04/04/2009  0      6.9    33     12 
05/04/2009  0      6.9    34     13 
06/04/2009  0      6.9    34     12 
07/04/2009  0      9.1    37     13 
08/04/2009  0      7.6    35     12 
09/04/2009  0      8.8    36     13 
10/04/2009  0      8.8    37     11 
11/04/2009  0      8.7    38     11 
12/04/2009  0      8.7    37     12 
13/04/2009  0      8.6    36     12 
14/04/2009  0      8.6    37     11 
15/04/2009  0      8.6    36     12 
16/04/2009  0      8.6    36     13 
17/04/2009  0      8.6    36     12 
18/04/2009  0      8.6    36     12 
19/04/2009  0      8.7    36     12 
20/04/2009  0      8.7    35     12 
21/04/2009  0      8      37     12 
22/04/2009  0      9.1    36     13 
23/04/2009  0      8.4    37     13 
24/04/2009  0      8.1    36     12 
25/04/2009  0      8.1    37     14 
26/04/2009  0      8.1    37     15 
27/04/2009  0      8      38     13 
28/04/2009  0      7.6    38     13 
29/04/2009  0      7.6    37     15 
30/04/2009  0      8.1    37     14 
01/05/2009  0      7.2    36     15 
02/05/2009  0      8.5    36     14 
03/05/2009  0      8.1    37     14 
04/05/2009  0      6.9    36     14 
05/05/2009  0      6.7    36     15 
06/05/2009  0      7      36     17 
07/05/2009  0      6.9    36     17 
08/05/2009  0      7.8    34     18 
09/05/2009  0      8      36     19 
10/05/2009  0      7.9    36     17 
11/05/2009  0      9.1    35     18 
12/05/2009  0      7.4    36     19 
13/05/2009  0      8      35     18 
14/05/2009  0      8.1    30     18 
15/05/2009  0      5.7    36     18 
16/05/2009  0      5.3    36     19 
17/05/2009  0      2.9    37     19 
18/05/2009  0      5.4    35     19 
19/05/2009  0      5.8    36     19 
20/05/2009  26     8.2    34     20 
21/05/2009  0      6.3    34     18 
22/05/2009  1.5    6.5    35     18 
23/05/2009  0      7.8    35     18 
24/05/2009  0      7.9    35     17 
25/05/2009  0      8.1    36     17 
26/05/2009  0      9.1    34     15 
27/05/2009  0      8.6    36     16 
28/05/2009  0      8.7    37     16 
29/05/2009  0      8.1    38     12 
30/05/2009  0      8.7    37     11 
31/05/2009  0      8.7    38     18 
01/06/2009  0      8.7    38     17 
02/06/2009  0      8.3    37     17 
03/06/2009  0      8.1    37     18 
04/06/2009  0      9.2    37     19 
05/06/2009  0      7.2    39     21 
06/06/2009  0      7.8    38     20 
07/06/2009  0      7.8    37     18 
08/06/2009  0      9.1    37     19 
09/06/2009  0      7.7    37     20 
10/06/2009  0      8.6    37     21 
11/06/2009  0      8.3    39     21 
12/06/2009  0      5.8    38     21 
13/06/2009  0      8.3    38     22 
14/06/2009  0      8.3    37     25 
15/06/2009  0      7.3    34     24 
16/06/2009  5.4    7.8    36     18 
17/06/2009  10.5   4.8    37     20 
18/06/2009  0      3.6    31     21 
19/06/2009  0.8    1.4    28     22 
20/06/2009  12.3   5.6    36     20 
21/06/2009  3.3    3.3    26     19 
22/06/2009  2.4    3.7    33     20 
23/06/2009  0      3.3    34     19 
24/06/2009  0      6.2    32     20 
25/06/2009  0      6.9    34     19 
26/06/2009  0      6.5    34     19 
27/06/2009  4.1    3.9    34     21 
28/06/2009  4.2    2.5    32     19 
29/06/2009  0      4.7    31     21 
30/06/2009  0      6.4    34     18 
01/07/2009  0      6.3    35     19 
02/07/2009  0      5.1    34     21 
03/07/2009  11.5   3.2    33     23 
04/07/2009  0      5      32     22 
05/07/2009  0      4      33     18 
06/07/2009  10.3   7.5    36     19 
07/07/2009  0      6.5    35     18 
08/07/2009  0      5.8    37     18 
09/07/2009  3.4    4.4    36     19 
10/07/2009  10.8   13.7   33     20 
11/07/2009  0      8.1    36     21 
12/07/2009  10.3   8.4    33     20 
13/07/2009  6.3    3.2    30     19 
14/07/2009  5      5.7    34     19 
15/07/2009  7.3    4.7    33     21 
16/07/2009  0      5.3    34     21 
17/07/2009  16.4   10.1   36     21 
18/07/2009  0      7.1    36     18 
19/07/2009  0      5.5    34     18 
20/07/2009  0      6.5    36     19 
21/07/2009  0      5.9    35     19 
22/07/2009  0      5.2    34     18 
23/07/2009  1.8    4.3    35     18 
24/07/2009  0      6.7    35     19 
25/07/2009  12.3   2.3    34     19 
26/07/2009  0      8.1    35     20 
27/07/2009  0      6.4    35     19 
28/07/2009  0      7.2    35     22 
29/07/2009  0      5.3    35     21 
30/07/2009  0      7.1    38     20 
31/07/2009  22     7.2    38     20 
01/08/2009  0      4.8    35     20 
02/08/2009  0      3.6    34     20 
03/08/2009  0     Nulo   Nulo    20 
19/08/2009  0      5.1    33    Nulo
20/08/2009  2.8    6.3    34     20 
21/08/2009  7.3    5.2    33     22 
22/08/2009  9.3    4.9    33     21 
23/08/2009  0      4.6    34     20 
24/08/2009  0      4.6    33     19 
25/08/2009  10.7   4.6    35     18 
26/08/2009  4.8    4.5    32     18 
27/08/2009  0      7      33     20 
28/08/2009  0      5.3    33     21 
29/08/2009  0      5.6    34     20 
30/08/2009  3     Nulo    34     20 
31/08/2009  0     Nulo    34     21 
03/01/2010  0     Nulo    31    Nulo
04/01/2010  0     Nulo    31     8 
05/01/2010  0     Nulo    30     8 
06/01/2010  0     Nulo    34     8 
07/01/2010  0     Nulo    26     13 
08/01/2010  0     Nulo    21     8 
09/01/2010  0     Nulo    30     13 
10/01/2010  0     Nulo    31     13 
11/01/2010  0     Nulo    31     14 
12/01/2010  0     Nulo    31     13 
13/01/2010  0     Nulo    31     13 
14/01/2010  0     Nulo    31     12 
15/01/2010  1.4   Nulo    31     9 
16/01/2010  0     Nulo    21     9 
17/01/2010  0     Nulo    28     8 
18/01/2010  0     Nulo    30     8 
19/01/2010  0     Nulo    30     8 
20/01/2010  0     Nulo    30     8 
21/01/2010  0     Nulo    30     8 
22/01/2010  0     Nulo    32     8 
23/01/2010  0     Nulo    31     5 
24/01/2010  0     Nulo    30     7 
25/01/2010  0     Nulo    30     8 
26/01/2010  0     Nulo    31     10 
27/01/2010  0     Nulo    31     9 
28/01/2010  0     Nulo    29     10 
29/01/2010  0     Nulo   Nulo    9 
31/01/2010  0     Nulo    29    Nulo
01/02/2010  17    Nulo    29     10 
02/02/2010  87    Nulo    29     9 
03/02/2010  86    Nulo    24     11 
04/02/2010  0     Nulo    24     15 
05/02/2010  0     Nulo    28     12 
06/02/2010  0     Nulo    26     9 
07/02/2010  0     Nulo    28     9 
08/02/2010  0     Nulo    28     9 
09/02/2010  0     Nulo    28     9 
10/02/2010  0     Nulo    28     9 
11/02/2010  0     Nulo    28     9 
12/02/2010  0     Nulo    32     9 
13/02/2010  0     Nulo    30     9 
14/02/2010  0     Nulo    29     12 
15/02/2010  0     Nulo    30     12 
16/02/2010  0     Nulo    29     13 
17/02/2010  0     Nulo    23     12 
18/02/2010  14.5  Nulo    26     14 
19/02/2010  0     Nulo    26     15 
20/02/2010  0     Nulo   Nulo    11 
23/02/2010  0     Nulo    31    Nulo
24/02/2010  0     Nulo    28     11 
25/02/2010  0     Nulo    27     9 
26/02/2010  0     Nulo   Nulo    11 
28/02/2010  0     Nulo    31    Nulo
02/03/2010  0     Nulo    30    Nulo
03/03/2010  0     Nulo    30     10 
04/03/2010  0     Nulo    32     10 
05/03/2010  0     Nulo    31     11 
06/03/2010  0     Nulo    32     13 
07/03/2010  0     Nulo    33     11 
08/03/2010  0     Nulo    32     11 
09/03/2010  0     Nulo    32     15 
10/03/2010  0     Nulo    31     12 
11/03/2010  0     Nulo    30     12 
12/03/2010  0     Nulo    32     11 
13/03/2010  0     Nulo    31     11 
14/03/2010  0     Nulo    31     11 
15/03/2010  0     Nulo    27     11 
16/03/2010  0     Nulo    34     13 
17/03/2010  0     Nulo    34     13 
18/03/2010  0     Nulo    34     13 
19/03/2010  0     Nulo    35     13 
20/03/2010  0     Nulo    35     11 
21/03/2010  0     Nulo    34     12 
22/03/2010  0     Nulo    33     12 
23/03/2010  0     Nulo    33     12 
24/03/2010  0     Nulo    33     11 
25/03/2010  0     Nulo    33     11 
26/03/2010  0     Nulo    30     9 
27/03/2010  0     Nulo    33     9 
28/03/2010  0     Nulo    34     10 
29/03/2010  0     Nulo    35     9 
30/03/2010  0     Nulo    33     9 
31/03/2010  0     Nulo    33     11 
01/04/2010  0     Nulo    34     11 
02/04/2010  0     Nulo    34     11 
03/04/2010  0     Nulo    35     12 
04/04/2010  0     Nulo    36     12 
05/04/2010  0     Nulo    36     11 
06/04/2010  0     Nulo    36     11 
07/04/2010  0     Nulo    34     12 
08/04/2010  0     Nulo    35     14 
09/04/2010  0     Nulo    35     14 
10/04/2010  0     Nulo    36     14 
11/04/2010  0     Nulo    35     13 
12/04/2010  0     Nulo    36     13 
13/04/2010  0     Nulo    35     13 
14/04/2010  0     Nulo    34     12 
15/04/2010  0     Nulo    32     11 
16/04/2010  0     Nulo    33     11 
17/04/2010  0     Nulo    33     11 
18/04/2010  0     Nulo    34     10 
19/04/2010  0     Nulo    34     11 
20/04/2010  0     Nulo    34     11 
21/04/2010  0     Nulo    34     11 
22/04/2010  0     Nulo    34     12 
23/04/2010  0     Nulo    33     13 
24/04/2010  0     Nulo    34     14 
25/04/2010  0     Nulo    36     11 
26/04/2010  0     Nulo    34     11 
27/04/2010  0     Nulo    33     9 
28/04/2010  0     Nulo    34     10 
29/04/2010  0     Nulo    32     11 
30/04/2010  0     Nulo    36     13 
03/05/2010 Nulo   Nulo    36    Nulo
04/05/2010  0     Nulo    36     11 
05/05/2010  0     Nulo    38     14 
06/05/2010  0     Nulo    37     16 
07/05/2010  0      10.1   37     15 
08/05/2010  0      10.3   35     16 
09/05/2010  0      10.3   36     14 
10/05/2010  0      10.3   37     16 
11/05/2010  0      6.3    37     17 
12/05/2010  0      4.6    35     18 
13/05/2010  0      9.8    37     16 
14/05/2010  0      11     38     15 
15/05/2010  0      9.7    38     16 
16/05/2010  0      9.7    39     14 
17/05/2010  0      9.7    40     15 
18/05/2010  0      11.5   40     16 
19/05/2010  0      9.4    39     15 
20/05/2010  0      9.8    35     15 
21/05/2010  0      9.9    39     16 
22/05/2010  0     Nulo   Nulo    16 
24/05/2010  0     Nulo    35    Nulo
25/05/2010  0     Nulo    21     15 
26/05/2010  0     Nulo    40     16 
27/05/2010  0     Nulo    37     15 
28/05/2010  0      10.1   38     14 
29/05/2010  0      10.2   37     15 
30/05/2010  0      10.1   36     15 
31/05/2010  0      11.7   36     12 
01/06/2010  0      10.1   34     12 
02/06/2010  0      9.9    37     15 
03/06/2010  0      10.2   38     15 
04/06/2010  0      10.5   39     15 
05/06/2010  0      9.4    38     15 
06/06/2010  0      9.4    37     16 
07/06/2010  0      10.4   37     18 
08/06/2010  0      11     36     18 
09/06/2010  0      10.7   36     18 
10/06/2010  0      10.8   37     17 
11/06/2010  0      10.5   37     18 
12/06/2010  0      7.6    36     21 
13/06/2010  0      7.6    36     17 
14/06/2010  0      8.4    38     20 
15/06/2010  0      8.8    35     22 
16/06/2010  0      7.2    38     22 
17/06/2010  22     0.5    35     23 
18/06/2010  15     0.9    31     22 
19/06/2010  0      8.8    25     22 
20/06/2010  14.5   5      36     18 
21/06/2010  0      7.4    34     19 
22/06/2010  0      8      34     20 
23/06/2010  0      8.1    34     22 
24/06/2010  8.5    5.5    36     22 
25/06/2010  15.3   4.3    33     19 
26/06/2010  14.2   5      34     20 
27/06/2010  0      5.1    37     20 
28/06/2010  0      8.1    34     21 
29/06/2010  1.9    4.6    33     22 
30/06/2010  0      1.1    33     22 
01/07/2010  3.6    2      29     22 
02/07/2010  0      3.6    30     21 
03/07/2010  3.7    0.5    32     21 
04/07/2010  4.8    4.8    32     20 
05/07/2010  0      5.3    30     21 
06/07/2010  0      6.4    31     20 
07/07/2010  0      7.1    32     21 
08/07/2010  13     2.8    32     23 
09/07/2010  0      1.9    30     21 
10/07/2010  0      3.8    32     20 
11/07/2010  0      4.3    34     20 
12/07/2010  0      4      33     20 
13/07/2010  19     5.2    34     19 
14/07/2010  6.3    1.2    33     20 
15/07/2010  0      3.1    32     20 
16/07/2010  1.4    6.3    32     19 
17/07/2010  0      4.6    33     19 
18/07/2010  4      4.3    34     20 
19/07/2010  0.5    6.3    34     20 
20/07/2010  14.5   3.7    33     21 
21/07/2010  5      3.2    32     22 
22/07/2010  5.3    3.5    31     21 
23/07/2010  29.5   0.1    31     20 
24/07/2010  0      4.2    30     21 
25/07/2010  1.3    4.9    31     20 
26/07/2010  1.8    5.9    33     21 
27/07/2010  3.6    4.2    31     22 
28/07/2010  14.5   0.6    31     22 
29/07/2010  4      1.7    30     22 
30/07/2010  8.8    4.6    32     20 
31/07/2010  0      5.2    34     21 
01/08/2010  0      5.3    33     21 
02/08/2010  1.5    5.1    35     20 
03/08/2010  1      6.2    34     21 
04/08/2010  0      6.3    34     21 
05/08/2010  0      4.7    32     20 
06/08/2010  0.5    2.3    31     21 
07/08/2010  0      5.2    34     20 
08/08/2010  14.5   5.8    35     21 
09/08/2010  0      3.7    34     22 
10/08/2010  12.3   4.8    33     21 
11/08/2010  4.4    5.9    33     20 
12/08/2010  2.6    4.2    32     20 
13/08/2010  15.4   0.7    30     21 
14/08/2010  23.1   1.5    31     21 
15/08/2010  7.2    2.1    31     20 
16/08/2010  0      5.4    31     21 
17/08/2010  33.2   0.8    31     21 
18/08/2010  27.8   1      31     21 
19/08/2010  0      3.5    30     20 
20/08/2010  29     0.4    30     20 
21/08/2010  22     0.3    33     19 
22/08/2010  21.9   3.9    34     20 
23/08/2010  0      5.4    33     19 
24/08/2010  0      6.7    34     21 
25/08/2010  0      3.8    33     21 
26/08/2010  0      3.8    33     20 
27/08/2010  0      5.1    33     21 
28/08/2010  0      6.7    33     21 
29/08/2010  28.2   3.4    34     21 
30/08/2010  24     0.1    33     21 
31/08/2010  23     3.2    32     20 
01/09/2010  0      5.6    31     20 
02/09/2010  0      3      29     21 
03/09/2010  15     4.3    33     21 
04/09/2010  38.5   1.6    31     21 
05/09/2010  15.3   0.4    30     20 
06/09/2010  9.5    2      30     21 
07/09/2010  2.5    1.4    27     21 
08/09/2010  0      2      38     21 
09/09/2010  0      5.1    31     21 
10/09/2010  3      3.4    31     20 
11/09/2010  26     1      33     20 
12/09/2010  18.7   0.9    32     20 
13/09/2010  0      6.2    34     20 
14/09/2010  0.5    3.6    34     20 
15/09/2010  9.7    5.9    34     20 
16/09/2010  0.4    1.6    34     20 
17/09/2010  0      5.2    34     21 
18/09/2010  19.6   5.8    33     21 
19/09/2010  14     1.9    34     21 
20/09/2010  0.5    2.5    28     21 
21/09/2010  0.7    4.3    31     21 
22/09/2010  0      4      32     21 
23/09/2010  0.8    3.5    32     22 
24/09/2010  15.5   0.2    33     21 
25/09/2010  19     3      32     20 
26/09/2010  0.2    2      33     21 
27/09/2010  0      3      32     20 
28/09/2010  0      4.7    32     20 
29/09/2010  0      6.5    35     20 
30/09/2010  1.5    5.6    34     20 
01/10/2010  0      6.8    33     20 
02/10/2010  0      6.7    33     21 
03/10/2010  0      6.7    34     19 
04/10/2010  0      5.8    33     18 
05/10/2010  0      6.4    33     18 
06/10/2010  0      6.2    33     18 
07/10/2010  0      5.5    34     19 
08/10/2010  0      5.6    34     19 
09/10/2010  0      5.8    34     19 
10/10/2010  0      5.4    33     19 
11/10/2010  0      5.4    33     19 
12/10/2010  0      5.1    34     17 
13/10/2010  0      5.8    35     17 
14/10/2010  0      7      33     18 
15/10/2010  0      6.5    39     18 
16/10/2010  0      6.7    34     15 
17/10/2010  0      6.7    34     13 
18/10/2010  0      6.7    33     16 
19/10/2010  0      5.1    32     16 
20/10/2010  0      5      33     15 
21/10/2010  0      5.1    34     14 
22/10/2010  0      4.2    32     14 
23/10/2010  0      4.5    34     13 
24/10/2010  0      4.6    34     13 
25/10/2010  0      4.5    35     13 
26/10/2010  0      4.6    34     13 
27/10/2010  0      4.8    33     14 
28/10/2010  0      6.2    35     13 
29/10/2010  0      6.1    37     13 
30/10/2010  0      5.8    35     14 
31/10/2010  0      5.8    35     17 
01/11/2010  0      4.8    33     18 
02/11/2010  0      5.3    33     19 
03/11/2010  0      8.2    34     16 
04/11/2010  0      8.7    31     17 
05/11/2010  0      6.3    32     14 
06/11/2010  0      6.2    32     12 
07/11/2010  0      5.2    32     10 
08/11/2010  0      4.3    31     9 
09/11/2010  0      3.9    31     11 
10/11/2010  0      3.8    31     12 
11/11/2010  0      4      30     14 
12/11/2010  0      4.3    31     12 
13/11/2010  0      4.3    31     12 
14/11/2010  0      4.3    32     12 
15/11/2010  0      3.7    29     11 
16/11/2010  0      5      30     11 
17/11/2010  0      4.2    31     9 
18/11/2010  0      4.1    33     11 
19/11/2010  0      4.6    33     14 
20/11/2010  0      4.7    34     14 
21/11/2010  0      4.7    35     13 
22/11/2010  0      4.2    35     13 
23/11/2010  0      4.3    34     13 
24/11/2010  0      3.9    31     15 
25/11/2010  0      4.2    30     18 
26/11/2010  0      3.6    31     14 
27/11/2010  0      3.4    32     15 
28/11/2010  0      4.2    31     10.5 
29/11/2010  0      4.3    31     12 
30/11/2010  0      4.8    29     12 
01/12/2010  0      4.4    33     11 
02/12/2010  0      4.3    34     12 
03/12/2010  0      4.8    34     14 
04/12/2010  0      6.9    34     12 
05/12/2010  0      1.9    34     11 
06/12/2010  0      5.9    32     12 
07/12/2010  0      5      32     12 
08/12/2010  0      5.1    33     12 
09/12/2010  0      5.7    32     8 
10/12/2010  0      5.2    32     7 
11/12/2010  0      3.8    32     8 
12/12/2010  0      3.8    33     9 
13/12/2010  0      3.5    33     9 
14/12/2010  0      3.2    29     9 
15/12/2010  0      3.7    30     10 
16/12/2010  0      3.7    29     7 
17/12/2010  0      3.4    29     8 
18/12/2010  0      3.8    29     8 
19/12/2010  0      3      28     7 
20/12/2010  0      2.7    30     8 
21/12/2010  0      2.8    31     8 
22/12/2010  0      3.5    30     11 
23/12/2010  0      3.4    32     11 
24/12/2010  0      3.1    31     9 
25/12/2010  0      3.3    30     10 
26/12/2010  0      3.4    31     10 
27/12/2010  0      3.4    28     10 
28/12/2010  0      3.6    28     10 
29/12/2010  0      3.3    28     10 
30/12/2010  0      3.7    27     9 
31/12/2010  0      4      29     7 
01/01/2011  0      4.3    30     6 
02/01/2011  0      4.7    32     7 
03/01/2011  0      4      30     9 
04/01/2011  0      3.6    34     11 
05/01/2011  0      3.6    33     11 
06/01/2011  0      3.6    34     12 
07/01/2011  0      3.5    32     12 
08/01/2011  0      3.9    31     13 
09/01/2011  0      3.7    30     9 
10/01/2011  0      4.7    30     9 
11/01/2011  0      5      32     10 
12/01/2011  0      4.7    33     11 
13/01/2011  0      6.4    34     12 
14/01/2011  0      5      32     12 
15/01/2011  0      5.1    31     12 
16/01/2011  0      5.1    31     8 
17/01/2011  0      5      30     6 
18/01/2011  0      4.7    30     5 
19/01/2011  0      5.2    31     5 
20/01/2011  0      5.3    33     6 
21/01/2011  0      5.4    33     7 
22/01/2011  0      4.5    33     7 
23/01/2011  0      4.5    32     8 
24/01/2011  0      3.7    29     8 
25/01/2011  0      4.9    29     9 
26/01/2011  0      5.2    31     8 
27/01/2011  0      5.2    30     9 
28/01/2011  0      5.3    30     8 
29/01/2011  0      5.7    30     8 
30/01/2011  0      4.5    31     9 
31/01/2011  0      5.4    30     9 
01/02/2011  0      4.2    29     10 
02/02/2011  0      4.9    29     10 
03/02/2011  0      3.9    27     11 
04/02/2011  0      5.1    29     10 
05/02/2011  0      4.7    31     11 
06/02/2011  0      4.8    32     10 
07/02/2011  0      4.9    32     10 
08/02/2011  0      5.1    31     10 
09/02/2011  0      6.1    31     12 
10/02/2011  0      6.6    31     13 
11/02/2011  0      6.8    32     11 
12/02/2011  0      7.4    33     11 
13/02/2011  0      7.4    34     11 
14/02/2011  0      7.4    36     11 
15/02/2011  0      6.3    37     12 
16/02/2011  0      5.8    33     12 
17/02/2011  0      5.6    33     12 
18/02/2011  0      5.7    33     13 
19/02/2011  0      6.9    34     13 
20/02/2011  0      5.9    34     13 
21/02/2011  0      5.5    32     12 
22/02/2011  0      6.5    32     10.3 
23/02/2011  0      6.1    32     12 
24/02/2011  0      6      32     13 
25/02/2011  0      6.3    32     13 
26/02/2011  0      6.7    32     13 
27/02/2011  0      6.7    32     12 
28/02/2011  0      7.1    36     12 
01/03/2011  0      6.8    35     13 
02/03/2011  0      8.3    35     13 
03/03/2011  0      8.5    35     11 
04/03/2011  0      7.5    34     11 
05/03/2011  0      8.2    34     11 
06/03/2011  0      8.2    33     9 
07/03/2011  0      7.6    32     9 
08/03/2011  0      8.1    34     9 
09/03/2011  0      8.9    34     10 
10/03/2011  0      9.1    36     13 
11/03/2011  0      8.2    34     13 
12/03/2011  0      9.1    34     12 
13/03/2011  0      9.1    34     11 
14/03/2011  0      8.6    34     10 
15/03/2011  0      7.9    34     12 
16/03/2011  0.7    7.2    34     14 
17/03/2011  0      7.1    34     14 
18/03/2011  0      9.1    37     14 
19/03/2011  0      8.8    37     15 
20/03/2011  0      8.6    37     14 
21/03/2011  0      8.2    34     13 
22/03/2011  0      7.9    34     13 
23/03/2011  0      8.1    35     13 
24/03/2011  0      7.9    34     14 
25/03/2011  0      8.1    33     17 
26/03/2011  0      7.8    34     16 
27/03/2011  0      7.8    34     14 
28/03/2011  0      8.2    35     14 
29/03/2011  0      8.6    35     14 
30/03/2011  0      8.6    35     13 
31/03/2011  0      9.4    37     11 
01/04/2011  0      9.4    34     14 
02/04/2011  0      10.3   37     13 
03/04/2011  0      10.3   36     10 
04/04/2011  0      10.2   37     10 
05/04/2011  0      9.3    37     11 
06/04/2011  0      9.9    36     14 
07/04/2011  0      11.8   37     14 
08/04/2011  0      11.5   37     14 
09/04/2011  0      9.7    37     14 
10/04/2011  0      9.8    36     13 
11/04/2011  0      8.5    36     14 
12/04/2011  0      8.1    34     16 
13/04/2011  0      8.2    34     18 
14/04/2011  0      8.8    36     15 
15/04/2011  0      8.8    37     14 
16/04/2011  0      13.2   36     14 
17/04/2011  0      5.6    36     12 
18/04/2011  0      9.8    36     12 
19/04/2011  0      10.1   37     12 
20/04/2011  0      10.2   36     13 
21/04/2011  0      10     36     12 
22/04/2011  0     Nulo   Nulo    13 
08/05/2011 Nulo   Nulo    39    Nulo
09/05/2011  0      8.2    35     17 
10/05/2011  0      8.4    38     18 
11/05/2011  0      9.2    36     16 
12/05/2011  0      10.2   37     17 
13/05/2011  0      8.8    38     16 
14/05/2011  0      8.8    38     16 
15/05/2011  0      8.8    38     15 
16/05/2011  0      9.9    38     17 
17/05/2011  0      9      37     17 
18/05/2011  0      8.8    34     19 
19/05/2011 Nulo    1.5   Nulo    21 
23/05/2011 Nulo   Nulo    36    Nulo
24/05/2011  0      8.3    36     17 
25/05/2011  0      9.6    37     21 
26/05/2011  0      9.2    36     21 
27/05/2011  0      10.7   37     21 
28/05/2011  0      10.8   37     19 
29/05/2011  0      11     37     16 
30/05/2011  0      9.9    36     16 
31/05/2011  0      9.1    36     18 
01/06/2011  0      10.4   38     19 
02/06/2011  0      10.6   36     20 
03/06/2011  0      10.8   35     17 
04/06/2011  0      9.3    36     18 
05/06/2011  0      10.3   37     17 
06/06/2011  0      8.9    36     19 
07/06/2011  0      10     36     21 
08/06/2011  0      9      35     17 
09/06/2011  0      9.5    36     18 
10/06/2011  0      10     36     19 
11/06/2011  0      10.4   37     21 
12/06/2011  5.5    9.6    36     20 
13/06/2011  0      8.9    36     20 
14/06/2011  0      7.2    35     22 
15/06/2011  0      8.1    33     21 
16/06/2011  0      8.2    34     22 
17/06/2011  0      6.7    36     22 
18/06/2011  0      6      36     20 
19/06/2011  0      0.4    36     21 
20/06/2011  0      5.9    35     22 
21/06/2011  18     3.3    27     23 
22/06/2011  1.5    4.4    26     21 
23/06/2011  0      6.4    33     21 
24/06/2011  0      11.4   34     21 
25/06/2011  2.7    5.9    33     22 
26/06/2011  24.9   1.9    34     21 
27/06/2011  0      3.9    30     20 
28/06/2011  20     2.6    35     21 
29/06/2011  21     0.9    30     20 
30/06/2011  22.3   1.7    30     20 
01/07/2011  15     1      31     22 
02/07/2011  3.7    3      30     22.2 
03/07/2011  10.6   5      29     21 
04/07/2011  0      1.6    27     21 
05/07/2011  0      8.1    30     21 
06/07/2011  23     3.4    34     20 
07/07/2011  0      5.7    31     19 
08/07/2011  0      3.4    32     19 
09/07/2011  0      3      30     21 
10/07/2011  15.5   0.8    31     20 
11/07/2011  6.5    4      32     20 
12/07/2011  0.5    5.6    31     21 
13/07/2011  7.4    1.5    30     22 
14/07/2011  0      1.9    30     20 
15/07/2011  12     3.5    31     21 
16/07/2011  5.2    1.7    30     20 
17/07/2011  7      1.2    30     21 
18/07/2011  0.3    5.7    31     21 
19/07/2011  8      4.2    33     21 
20/07/2011  5      1.5    30     20 
21/07/2011  0      4.6    32     21 
22/07/2011  0      6.1    33     18 
23/07/2011  1.8    5.2    34     19 
24/07/2011  0      6.5    33     19 
25/07/2011  33.5   5.3    33     20 
26/07/2011  0      4.1    30     19 
27/07/2011  15.5   6      32     20 
28/07/2011  4      4      32     19 
29/07/2011  15.5   9.9    34     19 
30/07/2011  0      0.7    33     20 
31/07/2011  0      5.3    33     21 
01/08/2011  0      6.9    34     21 
02/08/2011  5.4    6.2    33     22 
03/08/2011  0      6.1    32     20 
04/08/2011  0      1.4    30     21 
05/08/2011  0      5.7    32     20 
06/08/2011  17.5   12.2   34     21 
07/08/2011  0      0.6    34     20 
08/08/2011  0      5.5    32     19 
09/08/2011  0      5.8    33     20 
10/08/2011  3      4      33     20 
04/09/2011 Nulo   Nulo    35    Nulo
05/09/2011  0      4.6    33     20 
06/09/2011  25.5   0.5    33     20 
07/09/2011  0      5.9    32     20 
08/09/2011  0      6.8    32     20 
09/09/2011  0      6      33     17 
10/09/2011  0      5.3    33     18 
11/09/2011  0      6.7    34     18 
12/09/2011  0      5.1    33     19 
13/09/2011  0      5.2    35     19 
14/09/2011  0      7.2    36     20 
15/09/2011  21.3   2.4    34     21 
16/09/2011  33.6   3.7    33     19 
17/09/2011  0      4.9    35     20 
18/09/2011  0      4.9    34     21 
19/09/2011  0      5.2    34     21 
20/09/2011  0      5.9    35     19 
21/09/2011  0      5.3    35     20 
22/09/2011  0      5.2    35     20 
23/09/2011  0      4.7    35     21 
24/09/2011  0      4.5    35     21 
25/09/2011  0      4.5    34     20 
26/09/2011  0      4.5    35     21 
27/09/2011  0      6.1    33     20 
28/09/2011  0      5.1    36     21 
29/09/2011  0      6.4    35     17 
30/09/2011  0      4.7    35     17 
01/10/2011  0      6.5    35     19 
02/10/2011  0      6.5    36     18 
03/10/2011  0      5.8    36     18 
04/10/2011  0      6.2    34     19 
05/10/2011  0      5.4    35     19 
06/10/2011  0      5.4    34     20 
07/10/2011  3.7    1.9    30     20 
08/10/2011  19.2   0.2    31     20 
09/10/2011  0      1.5    34     19 
10/10/2011  0      2.8    29     20 
11/10/2011  15.7   1.2    23     20 
12/10/2011  2.7    2.1    21     18 
13/10/2011  0      2.7    28     18 
14/10/2011  0      4.4    32     18 
15/10/2011  0      5.5    34     18 
16/10/2011  0      5.5    32     18 
17/10/2011  0      4.4    32     17 
18/10/2011  0      5.2    34     18 
19/10/2011  0      5.6    33     18 
20/10/2011  0      4.9    32     19 
21/10/2011  0      4.7    32     19 
22/10/2011  0      4.9    32     19 
23/10/2011  0      4.8    33     18 
24/10/2011  1      6      34     18 
25/10/2011  0      4      31     17 
26/10/2011  0      4.1    31     15 
27/10/2011  0      4.5    31     14 
28/10/2011  0      4      32     14 
29/10/2011  0      4      34     18 
30/10/2011  0      4.1    32     15 
31/10/2011  0      4.5    34     15 
01/11/2011  0      4.2    32     15 
02/11/2011  0      4.4    31     16 
03/11/2011  0      4      33     16 
04/11/2011  0      4.4    32     17 
05/11/2011  0      4.2    33     16 
06/11/2011  0      4.2    33     16 
07/11/2011  0      9.4    31     16 
08/11/2011  0      4.9    32     17 
09/11/2011  0      4.8    32     17 
10/11/2011  0      4.7    32     14 
11/11/2011  0      4.7    32     14 
12/11/2011  0      4.7    32     13 
13/11/2011  0      3.7    32     12 
14/11/2011  0      3.5    31     12 
15/11/2011  0      4.1    32     11 
16/11/2011  0      4.1    31     12 
17/11/2011  0      4.2    32     11 
18/11/2011  0      4.2    33     11 
19/11/2011  0      4.2    33     13 
20/11/2011  0      4.2    32     13 
21/11/2011  0      3.1    31     14 
22/11/2011  0      4.1    33     14 
23/11/2011  0      3.8    33     15 
24/11/2011  0      3.8    32     16 
25/11/2011  0      3.8    30     18 
26/11/2011  0      9.7    30     14 
27/11/2011  0      8.2    31     14 
28/11/2011  0      10.7   29     15 
29/11/2011  0      5.1    30     9 
30/11/2011  0      4.8    31     9 
01/12/2011  0      3.8    29     9 
02/12/2011  0      3.5    31     9 
03/12/2011  0      3.5    31     9 
04/12/2011  0      3.4    30     10 
05/12/2011  0      2.9    29     10 
06/12/2011  0      2.1    26     11 
07/12/2011  0      3.4    30     11 
08/12/2011  0      4.6    30     11 
09/12/2011  0      4.2    31     14 
10/12/2011  0      3.8    31     11 
11/12/2011  0      3.8    31     12 
12/12/2011  0      3.6    30     12 
13/12/2011  0      3.6    30     12 
14/12/2011  0      3.5    31     11 
15/12/2011  0      4.1    31     9 
16/12/2011  0      4.4    32     10 
17/12/2011  0      4.4    32     10 
18/12/2011  0      3.9    33     11 
19/12/2011  0      3.9    31     11 
20/12/2011  0      3.5    29     12 
21/12/2011  0      3.6    29     12 
22/12/2011  0      3.2    29     12 
23/12/2011  0      3.8    30     10 
24/12/2011  0      3.9    31     11 
25/12/2011  0      3.9    32     10 
26/12/2011  0      3.9    31     11 
27/12/2011  0      3.9    33     11 
28/12/2011  0      4      33     12 
29/12/2011  0      3.4    32     13 
30/12/2011  0      3.7    30     13 
31/12/2011  0      4.4    32     12 
01/01/2012  0      4.5    32     13 
02/01/2012  0      10.1   31     12 
03/01/2012  0      5.7    26     13 
04/01/2012  0      4.7    31     15 
05/01/2012  0      3.9    29     11 
06/01/2012  0      3.6    29     11 
07/01/2012  0      3.5    29     11 
08/01/2012  0      3.6    29     7 
09/01/2012  0      3      26     7 
10/01/2012  0      3      27     8 
11/01/2012  0      3.9    29     8 
12/01/2012  0      3.7    29     10 
13/01/2012  0      4.3    28     11 
14/01/2012  0      3.8    29     12 
15/01/2012  0      3.8    32     11 
16/01/2012  0      4.9    33     10 
17/01/2012  0      5.4    34     11 
18/01/2012  0      4.8    35     11 
19/01/2012  0      4      33     11 
20/01/2012  0      3.4    30     11 
21/01/2012  0      4.1    32     11 
22/01/2012  0      4.1    31     12 
23/01/2012  0      4.1    32     11 
24/01/2012  0      4      30     11 
25/01/2012  0      4.3    29     12 
26/01/2012  0      4.8    30     12 
27/01/2012  0      4.8    30     11 
28/01/2012  0      5.2    31     10 
29/01/2012  0      5.2    30     10 
30/01/2012  0      2      23     10 
31/01/2012  0      1.7    27     13 
01/02/2012  0      4.8    31     14 
02/02/2012  0      4.8    33     14 
03/02/2012  0      4.8    32     14 
04/02/2012  0      6.1    33     12 
05/02/2012  0      6.2    33     12 
06/02/2012  0      5      31     12 
07/02/2012  0      4.5    32     16 
08/02/2012  0      4.4    30     8 
09/02/2012  0      5.2    29     9 
10/02/2012  5.8   Nulo    18     11 
11/02/2012  36.5  Nulo    22     14 
12/02/2012  32    Nulo    22     15 
13/02/2012  9.5    1.4    27     16 
14/02/2012  0      0.4    26     18 
15/02/2012  3.5    9.2    26     17 
16/02/2012  0      3.8    27     17 
17/02/2012  0      4.3    29     17 
18/02/2012  0      4.7    30     16 
19/02/2012  0      3.9    32     16 
20/02/2012  0      4.3    31     17 
21/02/2012  0      4.4    31     18 
22/02/2012  0      6.3    32     12 
23/02/2012  0      5      31     15 
24/02/2012  0      7      30     15 
25/02/2012  0      6      33     13 
26/02/2012  0      6      32     11 
27/02/2012  0      5      33     12 
28/02/2012  0      6      34     14 
29/02/2012  0      6.2    36     15 
01/03/2012  0      6.6    34     13 
02/03/2012  0      6.2    33     14 
03/03/2012  0      8      35     13 
04/03/2012  0      8      34     12 
05/03/2012  0      6.4    34     13 
06/03/2012  0      7.5    34     14 
07/03/2012  0      9.5    35     16 
08/03/2012  0      7.6    35     18 
09/03/2012  0      6.5    34     14 
10/03/2012  0      7      35     14 
11/03/2012  0      7      34     14 
12/03/2012  0      8      35     15 
13/03/2012  0      7.7    36     15 
14/03/2012  0      7.3    34     15 
15/03/2012  0      7.6    35     15 
16/03/2012  0      7.9    33     16 
17/03/2012  0      8      33     16 
18/03/2012  0      8      33     14 
19/03/2012  0      8      32     12 
20/03/2012  1.6    6.4    30     11 
21/03/2012  0      6.9    31     10 
22/03/2012  0      6.9    31     11 
23/03/2012  0      7.9    34     11 
24/03/2012  0      8.1    34     12 
25/03/2012  0      8.1    34     12 
26/03/2012  0      8.2    33     13 
27/03/2012  0      7.4    33     12 
28/03/2012  0      7.4    33     12 
29/03/2012  0      7.5    33     10 
30/03/2012  0      7.6    34     12 
31/03/2012  0      8      34     13 
01/04/2012  0      9      33     10 
02/04/2012  0      8.4    35     10 
03/04/2012  0      8.4    35     11 
04/04/2012  0      6.3    35     14 
05/04/2012  0      6.3    35     12 
06/04/2012  0      13.1  Nulo    11 
18/04/2012 Nulo   Nulo    35    Nulo
19/04/2012  0      10.4   35     12 
20/04/2012  0      11.8   36     11 
21/04/2012  0      10.5   38     13 
22/04/2012  0      10.4   39     11 
23/04/2012  0      10.5   39     11 
24/04/2012 Nulo   Nulo   Nulo    11 
30/04/2012 Nulo    8.9    36     0 
01/05/2012  0      8.9    36     14 
02/05/2012  0      9      36     12 
03/05/2012  0      8.9    36     17 
04/05/2012  0      9.4    36     16 
05/05/2012  0      9.4    37     15 
06/05/2012  0      9.4    37     15 
07/05/2012  0      10.1   38     14 
08/05/2012  0      9.4    38     14 
09/05/2012  0      9.1    36     14 
10/05/2012  0      8.5    36     14 
11/05/2012  0      9.9    35     15 
12/05/2012  0      10.6   38     12 
13/05/2012  0      10.6   38     15 
14/05/2012  0      10.7   39     15 
15/05/2012  0      9.5    37     19 
16/05/2012  0      10     37     17 
17/05/2012  0      10     37     18 
18/05/2012  0      10     36     17 
19/05/2012  0      10.1   38     19 
20/05/2012  0      10     38     20 
21/05/2012  0      10     38     18 
22/05/2012  0      10     37     19 
23/05/2012  0      10.1   37     20 
24/05/2012  0.8    3.7    32     19 
25/05/2012  0      3.2    34     22 
26/05/2012  0      7.2    35     20 
27/05/2012  0      9.1    36     18 
28/05/2012  0      9.6    37     20 
29/05/2012  0      8.5    36     22 
30/05/2012  0      9.2    36     21 
31/05/2012  0      9.2    37     22 
18/09/2012 Nulo   Nulo    31    Nulo
19/09/2012  0     Nulo   Nulo    20 
23/09/2012 Nulo   Nulo    32    Nulo
24/09/2012  0      4.9    34     19 
25/09/2012  0      3.3    32     19 
26/09/2012  0.5    3.4    31     20 
27/09/2012  0     Nulo   Nulo    20 
28/09/2012  20    Nulo   Nulo   Nulo
30/09/2012 Nulo   Nulo    33    Nulo
01/11/2012  0      4.4    31     18 
02/11/2012  0      4.4    30     18 
03/11/2012  1.9    0.1    22     18 
04/11/2012  0      0.9    23     15 
05/11/2012  0      3.9    30     16 
06/11/2012  0      4.7    32     18 
07/11/2012  0      6.1    33     18 
08/11/2012  0      4.2    33     16 
09/11/2012  0      6.2    33     17 
10/11/2012  0      4.4    33     19 
11/11/2012  0      4.4    32     17 
12/11/2012  0      5.7    33     17 
13/11/2012  0      4.8    33     17 
14/11/2012  0      4.7    33     16 
15/11/2012  0      5      34     17 
16/11/2012  0      4.5    34     16 
17/11/2012  0      4.4    35     16 
18/11/2012  0      4.4    34     16 
19/11/2012  0      4.4    35     16 
20/11/2012  0      4.9    35     16 
21/11/2012  0      3.7    35     19 
22/11/2012  0      3.4    34     16 
23/11/2012  0      3.4    32     14 
24/11/2012  0      4.8    32     15 
25/11/2012  0      4.8    33     16 
26/11/2012  0      4.8    32     17 
27/11/2012  0      4.1    32     16 
28/11/2012  0      4.2    31     15 
29/11/2012  0      4.1    32     14 
30/11/2012  0      3.9    32     14 
01/12/2012  0      3.9    32     13 
02/12/2012  0      3.9    32     12 
03/12/2012  0      4      32     11 
04/12/2012  0      3.6    33     11 
05/12/2012  0      3.1    33     12 
06/12/2012  0      3.5    31     13 
07/12/2012  0      3.7    31     13 
08/12/2012  0      3.7    30     13 
09/12/2012  0      3.7    30     11 
10/12/2012  0      3.5    30     12 
11/12/2012  0      3.5    28     13 
12/12/2012  0      2.9    28     12 
13/12/2012  0      3.8    29     15 
14/12/2012  0      3.8    32     15 
15/12/2012  0      4.6    33     13 
16/12/2012  0      4.6    33     12 
17/12/2012  0      3.9    32     13 
18/12/2012  0      3.5    30     13 
19/12/2012  0      4.7    31     13 
20/12/2012  0      4.7    32     13 
21/12/2012  0      4.7    33     12 
22/12/2012  0      4.7    33     13 
23/12/2012  0      4.7    34     12 
24/12/2012  0      5.2    32     12 
25/12/2012  0      3.2    32     13 
26/12/2012  0      4.2    30     13 
27/12/2012  0      3.2    30     13 
28/12/2012  0      3.2    29     13 
29/12/2012  0      4.1    30     12 
30/12/2012  0      4      31     10 
31/12/2012  24     4.1    21     12 
01/01/2013 Nulo   Nulo    21     15 
02/01/2013 Nulo   Nulo    27     16 
03/01/2013  0      1.4    27     13 
04/01/2013  0      3.7    29     13 
05/01/2013  0      3.8    29     14 
06/01/2013  0      3.8    30     12 
07/01/2013  0      3.2    31     12 
08/01/2013  0      1.5    30     13 
09/01/2013  0      3.9    28     13 
10/01/2013  0      3.6    30     13 
11/01/2013  0      3.9    30     13 
12/01/2013  0      3.7    29     14 
13/01/2013  0      3.7    29     12 
14/01/2013  0      3.5    28     11 
15/01/2013  0      3.6    29     12 
16/01/2013  0      4.4    29     13 
17/01/2013  0      7.3    29     15 
18/01/2013  0      4.7    28     15 
19/01/2013  0      3.2    30     14 
20/01/2013  0      3.2    31     15 
21/01/2013  0      4.6    30     15 
22/01/2013  0      4.3    31     13 
23/01/2013  0      3.8    29     14 
24/01/2013  0      4.2    31     14 
25/01/2013  0      4.2    32     14 
26/01/2013  0      2.4    31     12 
27/01/2013  0      6.4    30     12 
28/01/2013  0      4.3    29     12 
29/01/2013  0      4.8    29     13 
30/01/2013  0      5.2    32     15 
31/01/2013  0      3.9    32     13 
01/02/2013  0      4.8    32     14 
02/02/2013  0      4.8    32     13 
03/02/2013  0      4.8    32     13 
04/02/2013  0      5.1    33     12 
05/02/2013  0      5.1    30     13 
06/02/2013  0      5.1    33     13 
07/02/2013  0      5.1    34     12 
08/02/2013  0      5.2    34     11 
09/02/2013  0      5.2    34     12 
10/02/2013  0      5.1    34     12 
11/02/2013  0      5.3    32     10 
12/02/2013  0      5.3    31     10 
13/02/2013  0      5.3    31     11 
14/02/2013  0      5.2    30     11 
15/02/2013  0      4.6    30     11 
16/02/2013  0      6.5    31     11 
17/02/2013  0      6.5    32     10 
18/02/2013  0      5.9    34     10 
19/02/2013  0      5.9    35     10 
20/02/2013  0      4.8    34     10 
21/02/2013  0      4.1    32     11 
22/02/2013  0      5.8    32     10 
23/02/2013  0      5.8    31     11 
24/02/2013  0      5.8    31     10 
25/02/2013  0      4.3    31     11 
26/02/2013  0      5.6    31     12 
27/02/2013  0      5.4    33     13 
28/02/2013  0      5.1    32     13 
01/03/2013  0      7.7    32     13 
02/03/2013  0      9      33     15 
03/03/2013  0      8.9    33     13 
04/03/2013  0      7.5    33     12 
05/03/2013  0      7.3    35     12 
06/03/2013  0      7.3    34     13 
07/03/2013  0      7.2    34     10 
08/03/2013  0      7.1    35     14 
09/03/2013  0      7.1    35     12 
10/03/2013  0      7.1    35     10 
11/03/2013  0      6.8    32     9 
12/03/2013  0      4      30     10 
13/03/2013  0      4.4    33     11 
14/03/2013  8.8    4.7    33     17 
15/03/2013  1.5    2.7    26     16 
16/03/2013  1.8    4.5    30     15 
17/03/2013  0      4.5    31     10 
18/03/2013  0      6.9    34     11 
19/03/2013  0      6.8    35     13 
20/03/2013  0      6.8    35     15 
21/03/2013  0      6.3    33     15 
22/03/2013  0      7.7    34     16 
23/03/2013  0      7.4    35     18 
24/03/2013  0      8.1    36     17 
25/03/2013  0      7.8    26     17 
26/03/2013  0      8      36     14 
27/03/2013  0      8.4    34     12 
28/03/2013  0      8.2    34     13 
29/03/2013  0     Nulo    36.5   13 
30/03/2013  0     Nulo    39     14 
31/03/2013  0     Nulo    39     15 
01/02/2014  0      3.8    30     11 
02/02/2014  0      3.9    30     8 
03/02/2014  0      4.3    30     10 
04/02/2014  0      4.2    30     11 
05/02/2014  0      4.4    31     10 
06/02/2014  0      4.3    30     11 
07/02/2014  0      4.2    31     11 
08/02/2014  0      4.9    33     11 
09/02/2014  0      4.9    34     11 
10/02/2014  0      5.6    33     13 
11/02/2014  0      5.6    31     13 
12/02/2014  0      5.1    32     13 
13/02/2014  0      5      33     12 
14/02/2014  0      5.1    33     12 
15/02/2014  0      5.2    33     12 
16/02/2014  0      5.2    34     12 
17/02/2014  0      4.9    34     12 
18/02/2014  0      4.9    34     12 
19/02/2014  0      4.8    34     13 
20/02/2014  0      4.8    33     13 
21/02/2014  0      4.3    32     15 
22/02/2014  0      4.3    33     14 
23/02/2014  0      4.3    33     13 
24/02/2014  0      4.5    33     13 
25/02/2014  0      4.4    32     12 
26/02/2014  0      6.9    33     13 
27/02/2014  0      6.1    33     13 
28/02/2014  0      4.8    31     13 
01/03/2014  0      6.3    33     13 
02/03/2014  0      6.3    35     13 
03/03/2014  0      6.3    33     12 
04/03/2014  0      6.1    32     12 
05/03/2014  0      6      32     11 
06/03/2014  0      6.1    32     11 
07/03/2014  0      6.2    31     11 
08/03/2014  0      6      31     14 
09/03/2014  0      6      31     13 
10/03/2014  0      6      30     13 
11/03/2014  0      7.5    31     11 
12/03/2014  0      7      33     11 
13/03/2014  0      7      34     11 
14/03/2014  0      6.7    33     10 
15/03/2014  0      6.7    33     13 
16/03/2014  0      7.3    33     10 
17/03/2014  0      6.8    31     9 
18/03/2014  0      6.6    33     8 
19/03/2014  0      6.7    32     10 
20/03/2014  0      7.8    36     11 
21/03/2014  0      7.3    37     15 
22/03/2014  0      7.3    37     15 
23/03/2014  0      7.3    37     14 
24/03/2014  0      7.3    38     13 
25/03/2014  0      7.4   Nulo    15 
26/03/2014  0     Nulo   Nulo   Nulo
27/03/2014  0     Nulo   Nulo   Nulo
28/03/2014  0     Nulo   Nulo   Nulo
29/03/2014  0     Nulo   Nulo   Nulo
30/03/2014  0     Nulo   Nulo   Nulo
31/03/2014  0     Nulo   Nulo   Nulo
--------------------------------------
